0,1,2,3,4,5,6,7,8,y
0.7727272727272727,0.0,0.0,0.8,0.0,0.6764018691588785,0.7941176470588235,0.0,0.0,qsampled
0.7462686567164178,0.0,0.12765957446808518,0.6216216216216217,0.06481481481481488,0.41666666666666663,0.7941176470588235,0.0,0.16742493175614215,qsampled
0.7727272727272727,0.0,0.0,0.8,0.0,0.6764018691588785,0.7941176470588235,0.0,0.0,qsampled
0.3880597014925373,0.0,0.4361702127659576,0.08108108108108114,0.06481481481481488,0.3013326752221126,0.7647058823529411,0.0,0.18360864040660718,qsampled
0.4626865671641791,0.0,0.4361702127659576,0.16216216216216228,0.06481481481481488,0.133177570093458,0.7941176470588235,0.0,0.03472222222222199,qsampled
0.0,0.0,0.12765957446808518,0.0,0.06481481481481488,0.0,0.0,0.0,0.1518424396442184,qsampled
0.7462686567164178,0.0,0.4361702127659576,0.6216216216216217,0.06481481481481488,0.9166666666666666,0.7941176470588235,0.0,0.16196542311191997,qsampled
0.26865671641791034,0.8787878787878788,0.4361702127659576,0.4054054054054055,0.9444444444444444,0.28037383177570097,0.11764705882352933,0.7826086956521738,0.0,qsampled
0.26865671641791034,0.0,0.4361702127659576,0.4054054054054055,0.06481481481481488,0.28037383177570097,0.11764705882352933,0.0,0.0,qsampled
0.7272727272727273,0.0,0.0,0.8,0.0,0.6764018691588785,0.0,0.0,0.7925851703406813,qsampled
0.26865671641791034,0.5833333333333333,0.12765957446808518,0.4054054054054055,0.0,0.0,0.11764705882352933,0.7608695652173912,0.06613226452905785,qsampled
0.0,0.76,0.0,0.0,0.06481481481481488,0.0,0.7941176470588235,0.7272727272727273,0.8589626933575978,qsampled
0.7462686567164178,0.5833333333333333,0.4361702127659576,0.6216216216216217,0.0,0.9166666666666666,0.7941176470588235,0.7608695652173912,0.2160611854684512,qsampled
0.3880597014925373,0.0,0.4361702127659576,0.08108108108108114,0.06481481481481488,0.3013326752221126,0.7647058823529411,0.0,0.18360864040660718,qsampled
0.26865671641791034,0.5833333333333333,0.4361702127659576,0.4054054054054055,0.0,0.133177570093458,0.11764705882352933,0.7608695652173912,0.22444889779559107,qsampled
0.26865671641791034,0.0,0.4361702127659576,0.4054054054054055,0.06481481481481488,0.133177570093458,0.11764705882352933,0.0,0.18360864040660718,qsampled
0.4626865671641791,0.0,0.12765957446808518,0.16216216216216228,0.06481481481481488,0.0,0.7941176470588235,0.0,0.16666666666666652,qsampled
0.3880597014925373,0.5833333333333333,0.7659574468085106,0.08108108108108114,0.0,0.8753701875616979,0.7647058823529411,0.7608695652173912,0.4178356713426854,qsampled
0.26865671641791034,0.8787878787878788,0.4361702127659576,0.4054054054054055,0.9444444444444444,0.28037383177570097,0.11764705882352933,0.7826086956521738,0.0,qsampled
0.7462686567164178,0.0,0.4361702127659576,0.6216216216216217,0.06481481481481488,0.9166666666666666,0.7941176470588235,0.0,0.16196542311191997,qsampled
0.0,0.5833333333333333,0.12765957446808518,0.0,0.0,0.0,0.0,0.7608695652173912,0.06613226452905785,qsampled
0.7272727272727273,0.0,0.0,0.8,0.0,0.6764018691588785,0.0,0.0,0.7925851703406813,qsampled
0.0,0.76,0.0,0.0,0.06481481481481488,0.0,0.7941176470588235,0.7272727272727273,0.8589626933575978,qsampled
0.7727272727272727,0.76,0.0,0.8,0.06481481481481488,0.6764018691588785,0.7941176470588235,0.7272727272727273,0.828125,qsampled
0.4626865671641791,0.8787878787878788,0.12765957446808518,0.16216216216216228,0.9444444444444444,0.0,0.7941176470588235,0.7826086956521738,0.16666666666666652,qsampled
0.26865671641791034,0.0,0.4361702127659576,0.4054054054054055,0.06481481481481488,0.133177570093458,0.11764705882352933,0.0,0.18360864040660718,qsampled
0.3880597014925373,0.0,0.4361702127659576,0.08108108108108114,0.06481481481481488,0.3013326752221126,0.7647058823529411,0.0,0.18360864040660718,qsampled
0.3880597014925373,0.5833333333333333,0.12765957446808518,0.08108108108108114,0.0,0.0,0.7647058823529411,0.7608695652173912,0.06613226452905785,qsampled
0.0,0.8787878787878788,0.12765957446808518,0.0,0.9444444444444444,0.0,0.0,0.7826086956521738,0.1518424396442184,qsampled
0.26865671641791034,0.0,0.4361702127659576,0.4054054054054055,0.06481481481481488,0.28037383177570097,0.11764705882352933,0.0,0.0,qsampled
0.0,0.0,0.7659574468085106,0.0,0.06481481481481488,0.8286604361370716,0.0,0.0,0.4142312579415499,qsampled
0.0,0.0,0.4361702127659576,0.0,0.06481481481481488,0.28037383177570097,0.0,0.0,0.0,qsampled
0.3880597014925373,0.5833333333333333,0.12765957446808518,0.08108108108108114,0.0,0.0,0.7647058823529411,0.7608695652173912,0.06613226452905785,qsampled
0.0,0.0,0.12765957446808518,0.0,0.06481481481481488,0.0,0.0,0.0,0.1518424396442184,qsampled
0.5909090909090909,0.76,0.0,0.575,0.06481481481481488,0.6623889437314906,0.7647058823529411,0.7272727272727273,0.8843710292249047,qsampled
0.7272727272727273,0.76,0.0,0.8,0.06481481481481488,0.6764018691588785,0.0,0.7272727272727273,0.8843710292249047,qsampled
0.0,1.0,0.0,0.0,0.9444444444444444,0.0,0.7941176470588235,1.0,0.8589626933575978,qsampled
0.7462686567164178,0.5833333333333333,0.4361702127659576,0.6216216216216217,0.0,1.0,0.7941176470588235,0.7608695652173912,0.0,qsampled
0.0,0.0,0.0,0.0,0.0,0.0,0.7941176470588235,0.0,0.6558317399617591,qsampled
0.7462686567164178,0.5833333333333333,0.12765957446808518,0.6216216216216217,0.0,0.41666666666666663,0.7941176470588235,0.7608695652173912,0.021032504780114647,qsampled
0.7462686567164178,0.0,0.12765957446808518,0.6216216216216217,0.06481481481481488,0.41666666666666663,0.7941176470588235,0.0,0.16742493175614215,qsampled
0.5909090909090909,0.0,0.0,0.575,0.0,0.6623889437314906,0.7647058823529411,0.0,0.7925851703406813,qsampled
0.26865671641791034,0.0,0.4361702127659576,0.4054054054054055,0.06481481481481488,0.28037383177570097,0.11764705882352933,0.0,0.0,qsampled
0.7462686567164178,0.5833333333333333,0.12765957446808518,0.6216216216216217,0.0,0.41666666666666663,0.7941176470588235,0.7608695652173912,0.021032504780114647,qsampled
0.3880597014925373,0.5833333333333333,0.12765957446808518,0.08108108108108114,0.0,0.0,0.7647058823529411,0.7608695652173912,0.06613226452905785,qsampled
0.7462686567164178,0.5833333333333333,0.12765957446808518,0.6216216216216217,0.0,0.41666666666666663,0.7941176470588235,0.7608695652173912,0.021032504780114647,qsampled
0.7462686567164178,0.5833333333333333,0.12765957446808518,0.6216216216216217,0.0,0.41666666666666663,0.7941176470588235,0.7608695652173912,0.021032504780114647,qsampled
0.0,0.0,0.7659574468085106,0.0,0.06481481481481488,0.8286604361370716,0.0,0.0,0.4142312579415499,qsampled
0.5909090909090909,0.0,0.0,0.575,0.0,0.6623889437314906,0.7647058823529411,0.0,0.7925851703406813,qsampled
0.7272727272727273,0.76,0.0,0.8,0.06481481481481488,0.6764018691588785,0.0,0.7272727272727273,0.8843710292249047,qsampled
0.3880597014925373,0.0,0.4361702127659576,0.08108108108108114,0.06481481481481488,0.3013326752221126,0.7647058823529411,0.0,0.18360864040660718,qsampled
0.3880597014925373,0.0,0.4361702127659576,0.08108108108108114,0.06481481481481488,0.3013326752221126,0.7647058823529411,0.0,0.18360864040660718,qsampled
0.0,0.0,0.12765957446808518,0.0,0.06481481481481488,0.0,0.0,0.0,0.1518424396442184,qsampled
0.7727272727272727,0.76,0.0,0.825,0.06481481481481488,0.6764018691588785,0.11764705882352933,0.7272727272727273,0.8843710292249047,qsampled
0.7462686567164178,0.0,0.4361702127659576,0.6216216216216217,0.06481481481481488,0.9166666666666666,0.7941176470588235,0.0,0.16196542311191997,qsampled
0.0,0.0,0.0,0.0,0.0,0.0,0.7941176470588235,0.0,0.6558317399617591,qsampled
0.0,0.5833333333333333,0.12765957446808518,0.0,0.0,0.0,0.0,0.7608695652173912,0.06613226452905785,qsampled
0.7272727272727273,0.76,0.0,0.8,0.06481481481481488,0.6764018691588785,0.0,0.7272727272727273,0.8843710292249047,qsampled
0.7462686567164178,0.5833333333333333,0.7659574468085106,0.6216216216216217,0.0,0.9166666666666666,0.7941176470588235,0.7608695652173912,0.424474187380497,qsampled
0.3880597014925373,0.5833333333333333,0.4361702127659576,0.08108108108108114,0.0,0.4765547877591312,0.7647058823529411,0.7608695652173912,0.0,qsampled
0.26865671641791034,0.5833333333333333,0.4361702127659576,0.4054054054054055,0.0,0.28037383177570097,0.11764705882352933,0.7608695652173912,0.0,qsampled
0.7462686567164178,0.0,0.12765957446808518,0.6216216216216217,0.06481481481481488,0.41666666666666663,0.7941176470588235,0.0,0.16742493175614215,qsampled
0.4626865671641791,0.5833333333333333,0.12765957446808518,0.16216216216216228,0.0,0.0,0.7941176470588235,0.7608695652173912,0.379032258064516,qsampled
0.0,0.0,0.4361702127659576,0.0,0.06481481481481488,0.133177570093458,0.0,0.0,0.18360864040660718,qsampled
0.3880597014925373,0.5833333333333333,0.4361702127659576,0.08108108108108114,0.0,0.4765547877591312,0.7647058823529411,0.7608695652173912,0.0,qsampled
0.26865671641791034,0.5833333333333333,0.12765957446808518,0.4054054054054055,0.0,0.0,0.11764705882352933,0.7608695652173912,0.06613226452905785,qsampled
0.0,0.5833333333333333,0.4361702127659576,0.0,0.0,0.133177570093458,0.0,0.7608695652173912,0.22444889779559107,qsampled
0.0,0.8787878787878788,0.12765957446808518,0.0,0.9444444444444444,0.0,0.0,0.7826086956521738,0.1518424396442184,qsampled
0.4626865671641791,0.0,0.4361702127659576,0.16216216216216228,0.06481481481481488,0.28037383177570097,0.7941176470588235,0.0,0.0,qsampled
0.7727272727272727,0.76,0.0,0.825,0.06481481481481488,0.6764018691588785,0.11764705882352933,0.7272727272727273,0.8843710292249047,qsampled
0.0,0.0,0.4361702127659576,0.0,0.06481481481481488,0.133177570093458,0.0,0.0,0.18360864040660718,qsampled
0.0,0.9866666666666667,0.0,0.0,0.9722222222222222,0.0,0.7941176470588235,1.0,0.8589626933575978,qsampled
0.7272727272727273,0.0,0.0,0.8,0.0,0.6764018691588785,0.0,0.0,0.7925851703406813,qsampled
0.3880597014925373,0.0,0.12765957446808518,0.08108108108108114,0.06481481481481488,0.0,0.7647058823529411,0.0,0.1518424396442184,qsampled
0.4626865671641791,0.0,0.12765957446808518,0.16216216216216228,0.06481481481481488,0.0,0.7941176470588235,0.0,0.16666666666666652,qsampled
0.4626865671641791,0.5833333333333333,0.12765957446808518,0.16216216216216228,0.0,0.0,0.7941176470588235,0.7608695652173912,0.379032258064516,qsampled
0.0,0.5833333333333333,0.4361702127659576,0.0,0.0,0.28037383177570097,0.0,0.7608695652173912,0.0,qsampled
0.0,0.5833333333333333,0.12765957446808518,0.0,0.0,0.0,0.0,0.7608695652173912,0.06613226452905785,qsampled
0.26865671641791034,0.0,0.12765957446808518,0.4054054054054055,0.06481481481481488,0.0,0.11764705882352933,0.0,0.1518424396442184,qsampled
0.5909090909090909,1.0,0.0,0.575,0.9444444444444444,0.6623889437314906,0.7647058823529411,1.0,0.8843710292249047,qsampled
0.7462686567164178,0.0,0.12765957446808518,0.6216216216216217,0.06481481481481488,0.41666666666666663,0.7941176470588235,0.0,0.16742493175614215,qsampled
0.3880597014925373,0.0,0.12765957446808518,0.08108108108108114,0.06481481481481488,0.0,0.7647058823529411,0.0,0.1518424396442184,qsampled
0.0,0.0,0.4361702127659576,0.0,0.06481481481481488,0.28037383177570097,0.0,0.0,0.0,qsampled
0.3880597014925373,0.5833333333333333,0.4361702127659576,0.08108108108108114,0.0,0.3013326752221126,0.7647058823529411,0.7608695652173912,0.22444889779559107,qsampled
0.4626865671641791,0.0,0.4361702127659576,0.16216216216216228,0.06481481481481488,0.28037383177570097,0.7941176470588235,0.0,0.0,qsampled
0.26865671641791034,0.0,0.7659574468085106,0.4054054054054055,0.06481481481481488,0.8286604361370716,0.11764705882352933,0.0,0.4142312579415499,qsampled
0.3880597014925373,0.5833333333333333,0.4361702127659576,0.08108108108108114,0.0,0.4765547877591312,0.7647058823529411,0.7608695652173912,0.0,qsampled
0.4626865671641791,0.5833333333333333,0.12765957446808518,0.16216216216216228,0.0,0.0,0.7941176470588235,0.7608695652173912,0.379032258064516,qsampled
0.0,0.0,0.4361702127659576,0.0,0.06481481481481488,0.28037383177570097,0.0,0.0,0.0,qsampled
0.7727272727272727,0.0,0.0,0.825,0.0,0.6764018691588785,0.11764705882352933,0.0,0.7925851703406813,qsampled
0.4626865671641791,0.5833333333333333,0.4361702127659576,0.16216216216216228,0.0,0.133177570093458,0.7941176470588235,0.7608695652173912,0.6370967741935483,qsampled
0.4626865671641791,0.5833333333333333,0.12765957446808518,0.16216216216216228,0.0,0.0,0.7941176470588235,0.7608695652173912,0.379032258064516,qsampled
0.7727272727272727,0.0,0.0,0.825,0.0,0.6764018691588785,0.11764705882352933,0.0,0.7925851703406813,qsampled
0.7727272727272727,0.0,0.0,0.825,0.0,0.6764018691588785,0.11764705882352933,0.0,0.7925851703406813,qsampled
0.7272727272727273,0.76,0.0,0.8,0.06481481481481488,0.6764018691588785,0.0,0.7272727272727273,0.8843710292249047,qsampled
0.3880597014925373,0.0,0.4361702127659576,0.08108108108108114,0.06481481481481488,0.4765547877591312,0.7647058823529411,0.0,0.0,qsampled
0.0,0.5833333333333333,0.4361702127659576,0.0,0.0,0.133177570093458,0.0,0.7608695652173912,0.22444889779559107,qsampled
0.7727272727272727,0.76,0.0,0.825,0.06481481481481488,0.6764018691588785,0.11764705882352933,0.7272727272727273,0.8843710292249047,qsampled
0.26865671641791034,0.5833333333333333,0.12765957446808518,0.4054054054054055,0.0,0.0,0.11764705882352933,0.7608695652173912,0.06613226452905785,qsampled
0.4626865671641791,0.5833333333333333,0.12765957446808518,0.16216216216216228,0.0,0.0,0.7941176470588235,0.7608695652173912,0.379032258064516,qsampled
0.26865671641791034,0.5833333333333333,0.4361702127659576,0.4054054054054055,0.0,0.133177570093458,0.11764705882352933,0.7608695652173912,0.22444889779559107,m2
0.26865671641791034,0.8787878787878788,0.4361702127659576,0.4054054054054055,0.9444444444444444,0.133177570093458,0.11764705882352933,0.7826086956521738,0.18360864040660718,m2
0.0,0.0,0.4361702127659576,0.0,0.06481481481481488,0.133177570093458,0.0,0.0,0.18360864040660718,m2
0.7272727272727273,0.76,0.0,0.8,0.06481481481481488,0.6764018691588785,0.0,0.7272727272727273,0.8843710292249047,m2
0.26865671641791034,0.0,0.4361702127659576,0.4054054054054055,0.06481481481481488,0.28037383177570097,0.11764705882352933,0.0,0.0,m2
0.0,0.0,0.12765957446808518,0.0,0.06481481481481488,0.0,0.0,0.0,0.1518424396442184,m2
0.0,0.0,0.4361702127659576,0.0,0.06481481481481488,0.133177570093458,0.0,0.0,0.18360864040660718,m2
0.7727272727272727,0.76,0.0,0.8,0.06481481481481488,0.6764018691588785,0.7941176470588235,0.7272727272727273,0.828125,m2
0.26865671641791034,0.5833333333333333,0.12765957446808518,0.4054054054054055,0.0,0.0,0.11764705882352933,0.7608695652173912,0.06613226452905785,m2
0.26865671641791034,0.0,0.4361702127659576,0.4054054054054055,0.06481481481481488,0.133177570093458,0.11764705882352933,0.0,0.18360864040660718,m2
0.26865671641791034,0.5833333333333333,0.4361702127659576,0.4054054054054055,0.0,0.133177570093458,0.11764705882352933,0.7608695652173912,0.22444889779559107,m2
0.0,0.0,0.4361702127659576,0.0,0.06481481481481488,0.28037383177570097,0.0,0.0,0.0,m2
0.0,0.946969696969697,0.4361702127659576,0.0,0.9722222222222222,0.133177570093458,0.0,0.8913043478260869,0.18360864040660718,m2
0.7727272727272727,0.76,0.0,0.8,0.06481481481481488,0.6764018691588785,0.7941176470588235,0.7272727272727273,0.828125,m2
0.0,0.8787878787878788,0.7659574468085106,0.0,0.9444444444444444,0.8286604361370716,0.0,0.7826086956521738,0.4142312579415499,m2
0.26865671641791034,0.0,0.4361702127659576,0.4054054054054055,0.06481481481481488,0.133177570093458,0.11764705882352933,0.0,0.18360864040660718,m2
0.0,0.5833333333333333,0.4361702127659576,0.0,0.0,0.28037383177570097,0.0,0.7608695652173912,0.0,m2
0.0,0.946969696969697,0.4361702127659576,0.0,0.9722222222222222,0.28037383177570097,0.0,0.8913043478260869,0.0,m2
0.0,0.5833333333333333,0.4361702127659576,0.0,0.0,0.133177570093458,0.0,0.7608695652173912,0.22444889779559107,m2
0.0,0.0,0.4361702127659576,0.0,0.06481481481481488,0.28037383177570097,0.0,0.0,0.0,m2
0.4626865671641791,0.0,0.4361702127659576,0.16216216216216228,0.06481481481481488,0.28037383177570097,0.7941176470588235,0.0,0.0,m2
0.0,0.0,0.4361702127659576,0.0,0.06481481481481488,0.28037383177570097,0.0,0.0,0.0,m2
0.26865671641791034,0.0,0.4361702127659576,0.4054054054054055,0.06481481481481488,0.133177570093458,0.11764705882352933,0.0,0.18360864040660718,m2
0.7272727272727273,0.9866666666666667,0.0,0.8,0.9722222222222222,0.6764018691588785,0.0,1.0,0.8843710292249047,m2
0.0,0.946969696969697,0.7659574468085106,0.0,0.9722222222222222,0.8286604361370716,0.0,0.8913043478260869,0.4142312579415499,m2
0.0,0.76,0.0,0.0,0.06481481481481488,0.0,0.7941176470588235,0.7272727272727273,0.8589626933575978,m2
0.7727272727272727,0.0,0.0,0.825,0.0,0.6764018691588785,0.11764705882352933,0.0,0.7925851703406813,m2
0.7462686567164178,0.0,0.7659574468085106,0.6216216216216217,0.06481481481481488,0.9166666666666666,0.7941176470588235,0.0,0.415832575068244,m2
0.26865671641791034,0.0,0.12765957446808518,0.4054054054054055,0.06481481481481488,0.0,0.11764705882352933,0.0,0.1518424396442184,m2
0.26865671641791034,0.946969696969697,0.12765957446808518,0.4054054054054055,0.9722222222222222,0.0,0.11764705882352933,0.8913043478260869,0.1518424396442184,m2
0.7727272727272727,0.0,0.0,0.8,0.0,0.6764018691588785,0.7941176470588235,0.0,0.0,m2
0.0,0.5833333333333333,0.12765957446808518,0.0,0.0,0.0,0.0,0.7608695652173912,0.06613226452905785,m2
0.3880597014925373,0.0,0.12765957446808518,0.08108108108108114,0.06481481481481488,0.0,0.7647058823529411,0.0,0.1518424396442184,m2
0.7462686567164178,0.0,0.12765957446808518,0.6216216216216217,0.06481481481481488,0.41666666666666663,0.7941176470588235,0.0,0.16742493175614215,m2
0.7272727272727273,0.76,0.0,0.8,0.06481481481481488,0.6764018691588785,0.0,0.7272727272727273,0.8843710292249047,m2
0.3880597014925373,0.0,0.7659574468085106,0.08108108108108114,0.06481481481481488,0.8753701875616979,0.7647058823529411,0.0,0.4142312579415499,m2
0.3880597014925373,0.0,0.4361702127659576,0.08108108108108114,0.06481481481481488,0.3013326752221126,0.7647058823529411,0.0,0.18360864040660718,m2
0.0,0.5833333333333333,0.4361702127659576,0.0,0.0,0.28037383177570097,0.0,0.7608695652173912,0.0,m2
0.3880597014925373,0.0,0.12765957446808518,0.08108108108108114,0.06481481481481488,0.0,0.7647058823529411,0.0,0.1518424396442184,m2
0.0,1.0,0.0,0.0,0.9444444444444444,0.0,0.7941176470588235,1.0,0.8589626933575978,m2
0.26865671641791034,0.0,0.4361702127659576,0.4054054054054055,0.06481481481481488,0.133177570093458,0.11764705882352933,0.0,0.18360864040660718,m2
0.7727272727272727,1.0,0.0,0.825,0.9444444444444444,0.6764018691588785,0.11764705882352933,1.0,0.8843710292249047,m2
0.7727272727272727,0.76,0.0,0.8,0.06481481481481488,0.6764018691588785,0.7941176470588235,0.7272727272727273,0.828125,m2
0.5909090909090909,0.76,0.0,0.575,0.06481481481481488,0.6623889437314906,0.7647058823529411,0.7272727272727273,0.8843710292249047,m2
0.0,0.0,0.7659574468085106,0.0,0.06481481481481488,0.8286604361370716,0.0,0.0,0.4142312579415499,m2
0.26865671641791034,0.5833333333333333,0.12765957446808518,0.4054054054054055,0.0,0.0,0.11764705882352933,0.7608695652173912,0.06613226452905785,m2
0.26865671641791034,0.0,0.4361702127659576,0.4054054054054055,0.06481481481481488,0.133177570093458,0.11764705882352933,0.0,0.18360864040660718,m2
0.0,0.9866666666666667,0.0,0.0,0.9722222222222222,0.0,0.7941176470588235,1.0,0.8589626933575978,m2
0.0,0.0,0.12765957446808518,0.0,0.06481481481481488,0.0,0.0,0.0,0.1518424396442184,m2
0.7462686567164178,0.5833333333333333,0.4361702127659576,0.6216216216216217,0.0,0.9166666666666666,0.7941176470588235,0.7608695652173912,0.2160611854684512,m2
0.7727272727272727,0.0,0.0,0.825,0.0,0.6764018691588785,0.11764705882352933,0.0,0.7925851703406813,m2
0.26865671641791034,0.0,0.12765957446808518,0.4054054054054055,0.06481481481481488,0.0,0.11764705882352933,0.0,0.1518424396442184,m2
0.4626865671641791,0.8787878787878788,0.4361702127659576,0.16216216216216228,0.9444444444444444,0.133177570093458,0.7941176470588235,0.7826086956521738,0.03472222222222199,m2
0.7462686567164178,0.0,0.12765957446808518,0.6216216216216217,0.06481481481481488,0.41666666666666663,0.7941176470588235,0.0,0.16742493175614215,m2
0.3880597014925373,0.8787878787878788,0.4361702127659576,0.08108108108108114,0.9444444444444444,0.3013326752221126,0.7647058823529411,0.7826086956521738,0.18360864040660718,m2
0.26865671641791034,0.0,0.4361702127659576,0.4054054054054055,0.06481481481481488,0.133177570093458,0.11764705882352933,0.0,0.18360864040660718,m2
0.0,0.0,0.7659574468085106,0.0,0.06481481481481488,0.8286604361370716,0.0,0.0,0.4142312579415499,m2
0.7272727272727273,0.76,0.0,0.8,0.06481481481481488,0.6764018691588785,0.0,0.7272727272727273,0.8843710292249047,m2
0.7272727272727273,0.76,0.0,0.8,0.06481481481481488,0.6764018691588785,0.0,0.7272727272727273,0.8843710292249047,m2
0.7462686567164178,0.0,0.4361702127659576,0.6216216216216217,0.06481481481481488,1.0,0.7941176470588235,0.0,0.0,m2
0.26865671641791034,0.5833333333333333,0.12765957446808518,0.4054054054054055,0.0,0.0,0.11764705882352933,0.7608695652173912,0.06613226452905785,m2
0.0,0.0,0.4361702127659576,0.0,0.06481481481481488,0.28037383177570097,0.0,0.0,0.0,m2
0.3880597014925373,0.0,0.7659574468085106,0.08108108108108114,0.06481481481481488,0.8753701875616979,0.7647058823529411,0.0,0.4142312579415499,m2
0.7727272727272727,0.0,0.0,0.825,0.0,0.6764018691588785,0.11764705882352933,0.0,0.7925851703406813,m2
0.7272727272727273,1.0,0.0,0.8,0.9444444444444444,0.6764018691588785,0.0,1.0,0.8843710292249047,m2
0.7272727272727273,0.0,0.0,0.8,0.0,0.6764018691588785,0.0,0.0,0.7925851703406813,m2
0.4626865671641791,0.0,0.4361702127659576,0.16216216216216228,0.06481481481481488,0.28037383177570097,0.7941176470588235,0.0,0.0,m2
0.3880597014925373,0.0,0.12765957446808518,0.08108108108108114,0.06481481481481488,0.0,0.7647058823529411,0.0,0.1518424396442184,m2
0.3880597014925373,0.5833333333333333,0.7659574468085106,0.08108108108108114,0.0,0.8753701875616979,0.7647058823529411,0.7608695652173912,0.4178356713426854,m2
0.0,0.8787878787878788,0.12765957446808518,0.0,0.9444444444444444,0.0,0.0,0.7826086956521738,0.1518424396442184,m2
0.26865671641791034,0.0,0.4361702127659576,0.4054054054054055,0.06481481481481488,0.28037383177570097,0.11764705882352933,0.0,0.0,m2
0.7462686567164178,0.0,0.12765957446808518,0.6216216216216217,0.06481481481481488,0.41666666666666663,0.7941176470588235,0.0,0.16742493175614215,m2
0.5909090909090909,0.76,0.0,0.575,0.06481481481481488,0.6623889437314906,0.7647058823529411,0.7272727272727273,0.8843710292249047,m2
0.4626865671641791,0.0,0.4361702127659576,0.16216216216216228,0.06481481481481488,0.133177570093458,0.7941176470588235,0.0,0.03472222222222199,m2
0.26865671641791034,0.0,0.7659574468085106,0.4054054054054055,0.06481481481481488,0.8286604361370716,0.11764705882352933,0.0,0.4142312579415499,m2
0.26865671641791034,0.0,0.4361702127659576,0.4054054054054055,0.06481481481481488,0.28037383177570097,0.11764705882352933,0.0,0.0,m2
0.3880597014925373,0.0,0.4361702127659576,0.08108108108108114,0.06481481481481488,0.4765547877591312,0.7647058823529411,0.0,0.0,m2
0.0,0.946969696969697,0.12765957446808518,0.0,0.9722222222222222,0.0,0.0,0.8913043478260869,0.1518424396442184,m2
0.0,0.0,0.7659574468085106,0.0,0.06481481481481488,0.8286604361370716,0.0,0.0,0.4142312579415499,m2
0.7727272727272727,0.0,0.0,0.8,0.0,0.6764018691588785,0.7941176470588235,0.0,0.0,m2
0.26865671641791034,0.0,0.7659574468085106,0.4054054054054055,0.06481481481481488,0.8286604361370716,0.11764705882352933,0.0,0.4142312579415499,m2
0.7272727272727273,0.0,0.0,0.8,0.0,0.6764018691588785,0.0,0.0,0.7925851703406813,m2
0.0,0.0,0.4361702127659576,0.0,0.06481481481481488,0.28037383177570097,0.0,0.0,0.0,m2
0.7272727272727273,0.0,0.0,0.8,0.0,0.6764018691588785,0.0,0.0,0.7925851703406813,m2
0.7462686567164178,0.0,0.4361702127659576,0.6216216216216217,0.06481481481481488,0.9166666666666666,0.7941176470588235,0.0,0.16196542311191997,m2
0.7727272727272727,0.76,0.0,0.825,0.06481481481481488,0.6764018691588785,0.11764705882352933,0.7272727272727273,0.8843710292249047,m2
0.26865671641791034,0.5833333333333333,0.12765957446808518,0.4054054054054055,0.0,0.0,0.11764705882352933,0.7608695652173912,0.06613226452905785,m2
0.0,0.5833333333333333,0.7659574468085106,0.0,0.0,0.8286604361370716,0.0,0.7608695652173912,0.4178356713426854,m2
0.0,0.5833333333333333,0.12765957446808518,0.0,0.0,0.0,0.0,0.7608695652173912,0.06613226452905785,m2
0.26865671641791034,0.0,0.4361702127659576,0.4054054054054055,0.06481481481481488,0.28037383177570097,0.11764705882352933,0.0,0.0,m2
0.0,0.0,0.4361702127659576,0.0,0.06481481481481488,0.28037383177570097,0.0,0.0,0.0,m2
0.7272727272727273,0.76,0.0,0.8,0.06481481481481488,0.6764018691588785,0.0,0.7272727272727273,0.8843710292249047,m2
0.26865671641791034,0.0,0.12765957446808518,0.4054054054054055,0.06481481481481488,0.0,0.11764705882352933,0.0,0.1518424396442184,m2
0.7727272727272727,0.0,0.0,0.825,0.0,0.6764018691588785,0.11764705882352933,0.0,0.7925851703406813,m2
0.0,0.5833333333333333,0.4361702127659576,0.0,0.0,0.133177570093458,0.0,0.7608695652173912,0.22444889779559107,m2
0.0,0.0,0.4361702127659576,0.0,0.06481481481481488,0.28037383177570097,0.0,0.0,0.0,m2
0.7272727272727273,0.0,0.0,0.8,0.0,0.6764018691588785,0.0,0.0,0.7925851703406813,m2
0.0,0.8787878787878788,0.12765957446808518,0.0,0.9444444444444444,0.0,0.0,0.7826086956521738,0.1518424396442184,m2
0.26865671641791034,0.0,0.12765957446808518,0.4054054054054055,0.06481481481481488,0.0,0.11764705882352933,0.0,0.1518424396442184,m2
0.0,0.5833333333333333,0.12765957446808518,0.0,0.0,0.0,0.0,0.7608695652173912,0.06613226452905785,m2
0.7462686567164178,0.8787878787878788,0.4361702127659576,0.6216216216216217,0.9444444444444444,0.9166666666666666,0.7941176470588235,0.7826086956521738,0.16196542311191997,runif
0.3880597014925373,0.5833333333333333,0.4361702127659576,0.08108108108108114,0.0,0.3013326752221126,0.7647058823529411,0.7608695652173912,0.22444889779559107,runif
0.4626865671641791,0.5833333333333333,0.7659574468085106,0.16216216216216228,0.0,0.8286604361370716,0.7941176470588235,0.7608695652173912,0.8870967741935484,runif
0.3880597014925373,0.8787878787878788,0.12765957446808518,0.08108108108108114,0.9444444444444444,0.0,0.7647058823529411,0.7826086956521738,0.1518424396442184,runif
0.7462686567164178,0.8787878787878788,0.12765957446808518,0.6216216216216217,0.9444444444444444,0.41666666666666663,0.7941176470588235,0.7826086956521738,0.16742493175614215,runif
0.4626865671641791,0.8787878787878788,0.4361702127659576,0.16216216216216228,0.9444444444444444,0.133177570093458,0.7941176470588235,0.7826086956521738,0.03472222222222199,runif
0.3880597014925373,0.946969696969697,0.7659574468085106,0.08108108108108114,0.9722222222222222,0.8753701875616979,0.7647058823529411,0.8913043478260869,0.4142312579415499,runif
0.7462686567164178,0.946969696969697,0.4361702127659576,0.6216216216216217,0.9722222222222222,0.9166666666666666,0.7941176470588235,0.8913043478260869,0.16196542311191997,runif
0.0,0.0,0.7659574468085106,0.0,0.06481481481481488,0.8286604361370716,0.0,0.0,0.4142312579415499,runif
0.26865671641791034,0.946969696969697,0.7659574468085106,0.4054054054054055,0.9722222222222222,0.8286604361370716,0.11764705882352933,0.8913043478260869,0.4142312579415499,runif
0.4626865671641791,0.8787878787878788,0.4361702127659576,0.16216216216216228,0.9444444444444444,0.28037383177570097,0.7941176470588235,0.7826086956521738,0.0,runif
0.4626865671641791,0.5833333333333333,0.4361702127659576,0.16216216216216228,0.0,0.133177570093458,0.7941176470588235,0.7608695652173912,0.6370967741935483,runif
0.7272727272727273,0.0,0.0,0.8,0.0,0.6764018691588785,0.0,0.0,0.7925851703406813,runif
0.0,0.946969696969697,0.7659574468085106,0.0,0.9722222222222222,0.8286604361370716,0.0,0.8913043478260869,0.4142312579415499,runif
0.7462686567164178,0.0,0.12765957446808518,0.6216216216216217,0.06481481481481488,0.41666666666666663,0.7941176470588235,0.0,0.16742493175614215,runif
0.3880597014925373,0.5833333333333333,0.7659574468085106,0.08108108108108114,0.0,0.8753701875616979,0.7647058823529411,0.7608695652173912,0.4178356713426854,runif
0.7462686567164178,0.5833333333333333,0.12765957446808518,0.6216216216216217,0.0,0.41666666666666663,0.7941176470588235,0.7608695652173912,0.021032504780114647,runif
0.0,0.8787878787878788,0.4361702127659576,0.0,0.9444444444444444,0.133177570093458,0.0,0.7826086956521738,0.18360864040660718,runif
0.7462686567164178,0.946969696969697,0.7659574468085106,0.6216216216216217,0.9722222222222222,0.9166666666666666,0.7941176470588235,0.8913043478260869,0.415832575068244,runif
0.7462686567164178,0.946969696969697,0.7659574468085106,0.6216216216216217,0.9722222222222222,0.9166666666666666,0.7941176470588235,0.8913043478260869,0.415832575068244,runif
0.3880597014925373,0.5833333333333333,0.7659574468085106,0.08108108108108114,0.0,0.8753701875616979,0.7647058823529411,0.7608695652173912,0.4178356713426854,runif
0.26865671641791034,0.946969696969697,0.4361702127659576,0.4054054054054055,0.9722222222222222,0.28037383177570097,0.11764705882352933,0.8913043478260869,0.0,runif
0.4626865671641791,0.5833333333333333,0.4361702127659576,0.16216216216216228,0.0,0.28037383177570097,0.7941176470588235,0.7608695652173912,1.0,runif
0.7727272727272727,0.0,0.0,0.825,0.0,0.6764018691588785,0.11764705882352933,0.0,0.7925851703406813,runif
0.7727272727272727,0.0,0.0,0.825,0.0,0.6764018691588785,0.11764705882352933,0.0,0.7925851703406813,runif
0.7462686567164178,0.5833333333333333,0.4361702127659576,0.6216216216216217,0.0,0.9166666666666666,0.7941176470588235,0.7608695652173912,0.2160611854684512,runif
0.4626865671641791,0.0,0.7659574468085106,0.16216216216216228,0.06481481481481488,0.8286604361370716,0.7941176470588235,0.0,0.38368055555555547,runif
0.0,0.0,0.0,0.0,0.0,0.0,0.7941176470588235,0.0,0.6558317399617591,runif
0.4626865671641791,0.5833333333333333,0.12765957446808518,0.16216216216216228,0.0,0.0,0.7941176470588235,0.7608695652173912,0.379032258064516,runif
0.3880597014925373,0.946969696969697,0.12765957446808518,0.08108108108108114,0.9722222222222222,0.0,0.7647058823529411,0.8913043478260869,0.1518424396442184,runif
0.7727272727272727,0.0,0.0,0.8,0.0,0.6764018691588785,0.7941176470588235,0.0,0.0,runif
0.7727272727272727,0.76,0.0,0.825,0.06481481481481488,0.6764018691588785,0.11764705882352933,0.7272727272727273,0.8843710292249047,runif
0.0,0.8787878787878788,0.4361702127659576,0.0,0.9444444444444444,0.133177570093458,0.0,0.7826086956521738,0.18360864040660718,runif
0.0,0.0,0.12765957446808518,0.0,0.06481481481481488,0.0,0.0,0.0,0.1518424396442184,runif
0.4626865671641791,0.946969696969697,0.4361702127659576,0.16216216216216228,0.9722222222222222,0.28037383177570097,0.7941176470588235,0.8913043478260869,0.0,runif
0.26865671641791034,0.946969696969697,0.4361702127659576,0.4054054054054055,0.9722222222222222,0.133177570093458,0.11764705882352933,0.8913043478260869,0.18360864040660718,runif
0.4626865671641791,0.0,0.7659574468085106,0.16216216216216228,0.06481481481481488,0.8286604361370716,0.7941176470588235,0.0,0.38368055555555547,runif
0.4626865671641791,0.5833333333333333,0.12765957446808518,0.16216216216216228,0.0,0.0,0.7941176470588235,0.7608695652173912,0.379032258064516,runif
0.0,0.946969696969697,0.12765957446808518,0.0,0.9722222222222222,0.0,0.0,0.8913043478260869,0.1518424396442184,runif
0.26865671641791034,0.946969696969697,0.4361702127659576,0.4054054054054055,0.9722222222222222,0.133177570093458,0.11764705882352933,0.8913043478260869,0.18360864040660718,runif
0.0,0.0,0.4361702127659576,0.0,0.06481481481481488,0.133177570093458,0.0,0.0,0.18360864040660718,runif
0.3880597014925373,0.0,0.12765957446808518,0.08108108108108114,0.06481481481481488,0.0,0.7647058823529411,0.0,0.1518424396442184,runif
0.7272727272727273,0.76,0.0,0.8,0.06481481481481488,0.6764018691588785,0.0,0.7272727272727273,0.8843710292249047,runif
0.3880597014925373,0.8787878787878788,0.7659574468085106,0.08108108108108114,0.9444444444444444,0.8753701875616979,0.7647058823529411,0.7826086956521738,0.4142312579415499,runif
0.4626865671641791,0.0,0.4361702127659576,0.16216216216216228,0.06481481481481488,0.133177570093458,0.7941176470588235,0.0,0.03472222222222199,runif
0.7727272727272727,0.0,0.0,0.8,0.0,0.6764018691588785,0.7941176470588235,0.0,0.0,runif
0.0,1.0,0.0,0.0,0.9444444444444444,0.0,0.7941176470588235,1.0,0.8589626933575978,runif
0.5909090909090909,0.76,0.0,0.575,0.06481481481481488,0.6623889437314906,0.7647058823529411,0.7272727272727273,0.8843710292249047,runif
0.7462686567164178,0.5833333333333333,0.7659574468085106,0.6216216216216217,0.0,0.9166666666666666,0.7941176470588235,0.7608695652173912,0.424474187380497,runif
0.26865671641791034,0.946969696969697,0.12765957446808518,0.4054054054054055,0.9722222222222222,0.0,0.11764705882352933,0.8913043478260869,0.1518424396442184,runif
0.7462686567164178,0.8787878787878788,0.4361702127659576,0.6216216216216217,0.9444444444444444,0.9166666666666666,0.7941176470588235,0.7826086956521738,0.16196542311191997,runif
0.26865671641791034,0.946969696969697,0.12765957446808518,0.4054054054054055,0.9722222222222222,0.0,0.11764705882352933,0.8913043478260869,0.1518424396442184,runif
0.26865671641791034,0.5833333333333333,0.4361702127659576,0.4054054054054055,0.0,0.133177570093458,0.11764705882352933,0.7608695652173912,0.22444889779559107,runif
0.7272727272727273,0.9866666666666667,0.0,0.8,0.9722222222222222,0.6764018691588785,0.0,1.0,0.8843710292249047,runif
0.3880597014925373,0.5833333333333333,0.4361702127659576,0.08108108108108114,0.0,0.4765547877591312,0.7647058823529411,0.7608695652173912,0.0,runif
0.26865671641791034,0.8787878787878788,0.12765957446808518,0.4054054054054055,0.9444444444444444,0.0,0.11764705882352933,0.7826086956521738,0.1518424396442184,runif
0.4626865671641791,0.5833333333333333,0.7659574468085106,0.16216216216216228,0.0,0.8286604361370716,0.7941176470588235,0.7608695652173912,0.8870967741935484,runif
0.0,0.9866666666666667,0.0,0.0,0.9722222222222222,0.0,0.7941176470588235,1.0,0.8589626933575978,runif
0.7462686567164178,0.946969696969697,0.4361702127659576,0.6216216216216217,0.9722222222222222,0.9166666666666666,0.7941176470588235,0.8913043478260869,0.16196542311191997,runif
0.7462686567164178,0.946969696969697,0.4361702127659576,0.6216216216216217,0.9722222222222222,0.9166666666666666,0.7941176470588235,0.8913043478260869,0.16196542311191997,runif
0.7462686567164178,0.5833333333333333,0.7659574468085106,0.6216216216216217,0.0,0.9166666666666666,0.7941176470588235,0.7608695652173912,0.424474187380497,runif
0.0,0.0,0.4361702127659576,0.0,0.06481481481481488,0.28037383177570097,0.0,0.0,0.0,runif
0.26865671641791034,0.8787878787878788,0.4361702127659576,0.4054054054054055,0.9444444444444444,0.28037383177570097,0.11764705882352933,0.7826086956521738,0.0,runif
0.26865671641791034,0.8787878787878788,0.7659574468085106,0.4054054054054055,0.9444444444444444,0.8286604361370716,0.11764705882352933,0.7826086956521738,0.4142312579415499,runif
0.0,0.5833333333333333,0.4361702127659576,0.0,0.0,0.133177570093458,0.0,0.7608695652173912,0.22444889779559107,runif
0.0,0.5833333333333333,0.4361702127659576,0.0,0.0,0.133177570093458,0.0,0.7608695652173912,0.22444889779559107,runif
0.7462686567164178,0.5833333333333333,0.4361702127659576,0.6216216216216217,0.0,1.0,0.7941176470588235,0.7608695652173912,0.0,runif
0.3880597014925373,0.946969696969697,0.4361702127659576,0.08108108108108114,0.9722222222222222,0.3013326752221126,0.7647058823529411,0.8913043478260869,0.18360864040660718,runif
0.3880597014925373,0.946969696969697,0.12765957446808518,0.08108108108108114,0.9722222222222222,0.0,0.7647058823529411,0.8913043478260869,0.1518424396442184,runif
0.3880597014925373,0.946969696969697,0.4361702127659576,0.08108108108108114,0.9722222222222222,0.4765547877591312,0.7647058823529411,0.8913043478260869,0.0,runif
0.0,0.5833333333333333,0.4361702127659576,0.0,0.0,0.133177570093458,0.0,0.7608695652173912,0.22444889779559107,runif
0.4626865671641791,0.0,0.4361702127659576,0.16216216216216228,0.06481481481481488,0.133177570093458,0.7941176470588235,0.0,0.03472222222222199,runif
0.0,0.8787878787878788,0.4361702127659576,0.0,0.9444444444444444,0.28037383177570097,0.0,0.7826086956521738,0.0,runif
0.4626865671641791,0.946969696969697,0.7659574468085106,0.16216216216216228,0.9722222222222222,0.8286604361370716,0.7941176470588235,0.8913043478260869,0.38368055555555547,runif
0.3880597014925373,0.5833333333333333,0.7659574468085106,0.08108108108108114,0.0,0.8753701875616979,0.7647058823529411,0.7608695652173912,0.4178356713426854,runif
0.0,0.0,0.4361702127659576,0.0,0.06481481481481488,0.133177570093458,0.0,0.0,0.18360864040660718,runif
0.0,0.0,0.7659574468085106,0.0,0.06481481481481488,0.8286604361370716,0.0,0.0,0.4142312579415499,runif
0.0,0.8787878787878788,0.12765957446808518,0.0,0.9444444444444444,0.0,0.0,0.7826086956521738,0.1518424396442184,runif
0.5909090909090909,1.0,0.0,0.575,0.9444444444444444,0.6623889437314906,0.7647058823529411,1.0,0.8843710292249047,runif
0.3880597014925373,0.8787878787878788,0.12765957446808518,0.08108108108108114,0.9444444444444444,0.0,0.7647058823529411,0.7826086956521738,0.1518424396442184,runif
0.4626865671641791,0.946969696969697,0.4361702127659576,0.16216216216216228,0.9722222222222222,0.28037383177570097,0.7941176470588235,0.8913043478260869,0.0,runif
0.26865671641791034,0.5833333333333333,0.4361702127659576,0.4054054054054055,0.0,0.133177570093458,0.11764705882352933,0.7608695652173912,0.22444889779559107,runif
0.5909090909090909,0.9866666666666667,0.0,0.575,0.9722222222222222,0.6623889437314906,0.7647058823529411,1.0,0.8843710292249047,runif
0.3880597014925373,0.5833333333333333,0.12765957446808518,0.08108108108108114,0.0,0.0,0.7647058823529411,0.7608695652173912,0.06613226452905785,runif
0.26865671641791034,0.946969696969697,0.4361702127659576,0.4054054054054055,0.9722222222222222,0.28037383177570097,0.11764705882352933,0.8913043478260869,0.0,runif
0.7727272727272727,1.0,0.0,0.825,0.9444444444444444,0.6764018691588785,0.11764705882352933,1.0,0.8843710292249047,runif
0.5909090909090909,0.76,0.0,0.575,0.06481481481481488,0.6623889437314906,0.7647058823529411,0.7272727272727273,0.8843710292249047,runif
0.0,0.0,0.4361702127659576,0.0,0.06481481481481488,0.133177570093458,0.0,0.0,0.18360864040660718,runif
0.4626865671641791,0.8787878787878788,0.4361702127659576,0.16216216216216228,0.9444444444444444,0.28037383177570097,0.7941176470588235,0.7826086956521738,0.0,runif
0.0,0.0,0.0,0.0,0.0,0.0,0.7941176470588235,0.0,0.6558317399617591,runif
0.5909090909090909,1.0,0.0,0.575,0.9444444444444444,0.6623889437314906,0.7647058823529411,1.0,0.8843710292249047,runif
0.3880597014925373,0.0,0.4361702127659576,0.08108108108108114,0.06481481481481488,0.4765547877591312,0.7647058823529411,0.0,0.0,runif
0.7727272727272727,0.0,0.0,0.8,0.0,0.6764018691588785,0.7941176470588235,0.0,0.0,runif
0.7462686567164178,0.5833333333333333,0.4361702127659576,0.6216216216216217,0.0,0.9166666666666666,0.7941176470588235,0.7608695652173912,0.2160611854684512,runif
0.0,0.0,0.12765957446808518,0.0,0.06481481481481488,0.0,0.0,0.0,0.1518424396442184,runif
0.4626865671641791,0.0,0.12765957446808518,0.16216216216216228,0.06481481481481488,0.0,0.7941176470588235,0.0,0.16666666666666652,runif
0.0,0.5833333333333333,0.12765957446808518,0.0,0.0,0.0,0.0,0.7608695652173912,0.06613226452905785,runif
0.5909090909090909,0.76,0.0,0.575,0.06481481481481488,0.6623889437314906,0.7647058823529411,0.7272727272727273,0.8843710292249047,runif
0.7727272727272727,0.76,0.0,0.8,0.06481481481481488,0.6764018691588785,0.7941176470588235,0.7272727272727273,0.828125,runif
0.4626865671641791,0.8787878787878788,0.4361702127659576,0.16216216216216228,0.9444444444444444,0.28037383177570097,0.7941176470588235,0.7826086956521738,0.0,runif
