0,1,2,y
0.4177215189873418,0.2777777777777778,0.7941176470588235,qsampled
0.22784810126582278,0.0,0.7941176470588235,qsampled
0.4177215189873418,0.2777777777777778,0.7941176470588235,qsampled
0.25316455696202533,0.05555555555555558,0.7647058823529411,qsampled
0.4177215189873418,0.2777777777777778,0.7941176470588235,qsampled
0.0,0.16666666666666663,0.0,qsampled
0.22784810126582278,0.0,0.7941176470588235,qsampled
0.25316455696202533,0.4629629629629629,0.11764705882352933,qsampled
0.25316455696202533,0.4629629629629629,0.11764705882352933,qsampled
0.0,0.16666666666666663,0.0,qsampled
0.25316455696202533,0.4629629629629629,0.11764705882352933,qsampled
0.22784810126582278,0.0,0.7941176470588235,qsampled
0.22784810126582278,0.0,0.7941176470588235,qsampled
0.25316455696202533,0.05555555555555558,0.7647058823529411,qsampled
0.25316455696202533,0.4629629629629629,0.11764705882352933,qsampled
0.25316455696202533,0.4629629629629629,0.11764705882352933,qsampled
0.4177215189873418,0.2777777777777778,0.7941176470588235,qsampled
0.25316455696202533,0.05555555555555558,0.7647058823529411,qsampled
0.25316455696202533,0.4629629629629629,0.11764705882352933,qsampled
0.22784810126582278,0.0,0.7941176470588235,qsampled
0.0,0.16666666666666663,0.0,qsampled
0.0,0.16666666666666663,0.0,qsampled
0.22784810126582278,0.0,0.7941176470588235,qsampled
0.4177215189873418,0.2777777777777778,0.7941176470588235,qsampled
0.4177215189873418,0.2777777777777778,0.7941176470588235,qsampled
0.25316455696202533,0.4629629629629629,0.11764705882352933,qsampled
0.25316455696202533,0.05555555555555558,0.7647058823529411,qsampled
0.25316455696202533,0.05555555555555558,0.7647058823529411,qsampled
0.0,0.16666666666666663,0.0,qsampled
0.25316455696202533,0.4629629629629629,0.11764705882352933,qsampled
0.0,0.16666666666666663,0.0,qsampled
0.0,0.16666666666666663,0.0,qsampled
0.25316455696202533,0.05555555555555558,0.7647058823529411,qsampled
0.0,0.16666666666666663,0.0,qsampled
0.25316455696202533,0.05555555555555558,0.7647058823529411,qsampled
0.0,0.16666666666666663,0.0,qsampled
0.22784810126582278,0.0,0.7941176470588235,qsampled
0.22784810126582278,0.0,0.7941176470588235,qsampled
0.22784810126582278,0.0,0.7941176470588235,qsampled
0.22784810126582278,0.0,0.7941176470588235,qsampled
0.22784810126582278,0.0,0.7941176470588235,qsampled
0.25316455696202533,0.05555555555555558,0.7647058823529411,qsampled
0.25316455696202533,0.4629629629629629,0.11764705882352933,qsampled
0.22784810126582278,0.0,0.7941176470588235,qsampled
0.25316455696202533,0.05555555555555558,0.7647058823529411,qsampled
0.22784810126582278,0.0,0.7941176470588235,qsampled
0.22784810126582278,0.0,0.7941176470588235,qsampled
0.0,0.16666666666666663,0.0,qsampled
0.25316455696202533,0.05555555555555558,0.7647058823529411,qsampled
0.0,0.16666666666666663,0.0,qsampled
0.25316455696202533,0.05555555555555558,0.7647058823529411,qsampled
0.25316455696202533,0.05555555555555558,0.7647058823529411,qsampled
0.0,0.16666666666666663,0.0,qsampled
0.25316455696202533,0.4629629629629629,0.11764705882352933,qsampled
0.22784810126582278,0.0,0.7941176470588235,qsampled
0.22784810126582278,0.0,0.7941176470588235,qsampled
0.0,0.16666666666666663,0.0,qsampled
0.0,0.16666666666666663,0.0,qsampled
0.22784810126582278,0.0,0.7941176470588235,qsampled
0.25316455696202533,0.05555555555555558,0.7647058823529411,qsampled
0.25316455696202533,0.4629629629629629,0.11764705882352933,qsampled
0.22784810126582278,0.0,0.7941176470588235,qsampled
0.4177215189873418,0.2777777777777778,0.7941176470588235,qsampled
0.0,0.16666666666666663,0.0,qsampled
0.25316455696202533,0.05555555555555558,0.7647058823529411,qsampled
0.25316455696202533,0.4629629629629629,0.11764705882352933,qsampled
0.0,0.16666666666666663,0.0,qsampled
0.0,0.16666666666666663,0.0,qsampled
0.4177215189873418,0.2777777777777778,0.7941176470588235,qsampled
0.25316455696202533,0.4629629629629629,0.11764705882352933,qsampled
0.0,0.16666666666666663,0.0,qsampled
0.22784810126582278,0.0,0.7941176470588235,qsampled
0.0,0.16666666666666663,0.0,qsampled
0.25316455696202533,0.05555555555555558,0.7647058823529411,qsampled
0.4177215189873418,0.2777777777777778,0.7941176470588235,qsampled
0.4177215189873418,0.2777777777777778,0.7941176470588235,qsampled
0.0,0.16666666666666663,0.0,qsampled
0.0,0.16666666666666663,0.0,qsampled
0.25316455696202533,0.4629629629629629,0.11764705882352933,qsampled
0.25316455696202533,0.05555555555555558,0.7647058823529411,qsampled
0.22784810126582278,0.0,0.7941176470588235,qsampled
0.25316455696202533,0.05555555555555558,0.7647058823529411,qsampled
0.0,0.16666666666666663,0.0,qsampled
0.25316455696202533,0.05555555555555558,0.7647058823529411,qsampled
0.4177215189873418,0.2777777777777778,0.7941176470588235,qsampled
0.25316455696202533,0.4629629629629629,0.11764705882352933,qsampled
0.25316455696202533,0.05555555555555558,0.7647058823529411,qsampled
0.4177215189873418,0.2777777777777778,0.7941176470588235,qsampled
0.0,0.16666666666666663,0.0,qsampled
0.25316455696202533,0.4629629629629629,0.11764705882352933,qsampled
0.4177215189873418,0.2777777777777778,0.7941176470588235,qsampled
0.4177215189873418,0.2777777777777778,0.7941176470588235,qsampled
0.25316455696202533,0.4629629629629629,0.11764705882352933,qsampled
0.25316455696202533,0.4629629629629629,0.11764705882352933,qsampled
0.0,0.16666666666666663,0.0,qsampled
0.25316455696202533,0.05555555555555558,0.7647058823529411,qsampled
0.0,0.16666666666666663,0.0,qsampled
0.25316455696202533,0.4629629629629629,0.11764705882352933,qsampled
0.25316455696202533,0.4629629629629629,0.11764705882352933,qsampled
0.4177215189873418,0.2777777777777778,0.7941176470588235,qsampled
0.25316455696202533,0.4629629629629629,0.11764705882352933,m2
0.25316455696202533,0.4629629629629629,0.11764705882352933,m2
0.0,0.16666666666666663,0.0,m2
0.0,0.16666666666666663,0.0,m2
0.25316455696202533,0.4629629629629629,0.11764705882352933,m2
0.0,0.16666666666666663,0.0,m2
0.0,0.16666666666666663,0.0,m2
0.4177215189873418,0.2777777777777778,0.7941176470588235,m2
0.25316455696202533,0.4629629629629629,0.11764705882352933,m2
0.25316455696202533,0.4629629629629629,0.11764705882352933,m2
0.25316455696202533,0.4629629629629629,0.11764705882352933,m2
0.0,0.16666666666666663,0.0,m2
0.0,0.16666666666666663,0.0,m2
0.4177215189873418,0.2777777777777778,0.7941176470588235,m2
0.0,0.16666666666666663,0.0,m2
0.25316455696202533,0.4629629629629629,0.11764705882352933,m2
0.0,0.16666666666666663,0.0,m2
0.0,0.16666666666666663,0.0,m2
0.0,0.16666666666666663,0.0,m2
0.0,0.16666666666666663,0.0,m2
0.4177215189873418,0.2777777777777778,0.7941176470588235,m2
0.0,0.16666666666666663,0.0,m2
0.25316455696202533,0.4629629629629629,0.11764705882352933,m2
0.0,0.16666666666666663,0.0,m2
0.0,0.16666666666666663,0.0,m2
0.22784810126582278,0.0,0.7941176470588235,m2
0.25316455696202533,0.4629629629629629,0.11764705882352933,m2
0.22784810126582278,0.0,0.7941176470588235,m2
0.25316455696202533,0.4629629629629629,0.11764705882352933,m2
0.25316455696202533,0.4629629629629629,0.11764705882352933,m2
0.4177215189873418,0.2777777777777778,0.7941176470588235,m2
0.0,0.16666666666666663,0.0,m2
0.25316455696202533,0.05555555555555558,0.7647058823529411,m2
0.22784810126582278,0.0,0.7941176470588235,m2
0.0,0.16666666666666663,0.0,m2
0.25316455696202533,0.05555555555555558,0.7647058823529411,m2
0.25316455696202533,0.05555555555555558,0.7647058823529411,m2
0.0,0.16666666666666663,0.0,m2
0.25316455696202533,0.05555555555555558,0.7647058823529411,m2
0.22784810126582278,0.0,0.7941176470588235,m2
0.25316455696202533,0.4629629629629629,0.11764705882352933,m2
0.25316455696202533,0.4629629629629629,0.11764705882352933,m2
0.4177215189873418,0.2777777777777778,0.7941176470588235,m2
0.25316455696202533,0.05555555555555558,0.7647058823529411,m2
0.0,0.16666666666666663,0.0,m2
0.25316455696202533,0.4629629629629629,0.11764705882352933,m2
0.25316455696202533,0.4629629629629629,0.11764705882352933,m2
0.22784810126582278,0.0,0.7941176470588235,m2
0.0,0.16666666666666663,0.0,m2
0.22784810126582278,0.0,0.7941176470588235,m2
0.25316455696202533,0.4629629629629629,0.11764705882352933,m2
0.25316455696202533,0.4629629629629629,0.11764705882352933,m2
0.4177215189873418,0.2777777777777778,0.7941176470588235,m2
0.22784810126582278,0.0,0.7941176470588235,m2
0.25316455696202533,0.05555555555555558,0.7647058823529411,m2
0.25316455696202533,0.4629629629629629,0.11764705882352933,m2
0.0,0.16666666666666663,0.0,m2
0.0,0.16666666666666663,0.0,m2
0.0,0.16666666666666663,0.0,m2
0.22784810126582278,0.0,0.7941176470588235,m2
0.25316455696202533,0.4629629629629629,0.11764705882352933,m2
0.0,0.16666666666666663,0.0,m2
0.25316455696202533,0.05555555555555558,0.7647058823529411,m2
0.25316455696202533,0.4629629629629629,0.11764705882352933,m2
0.0,0.16666666666666663,0.0,m2
0.0,0.16666666666666663,0.0,m2
0.4177215189873418,0.2777777777777778,0.7941176470588235,m2
0.25316455696202533,0.05555555555555558,0.7647058823529411,m2
0.25316455696202533,0.05555555555555558,0.7647058823529411,m2
0.0,0.16666666666666663,0.0,m2
0.25316455696202533,0.4629629629629629,0.11764705882352933,m2
0.22784810126582278,0.0,0.7941176470588235,m2
0.25316455696202533,0.05555555555555558,0.7647058823529411,m2
0.4177215189873418,0.2777777777777778,0.7941176470588235,m2
0.25316455696202533,0.4629629629629629,0.11764705882352933,m2
0.25316455696202533,0.4629629629629629,0.11764705882352933,m2
0.25316455696202533,0.05555555555555558,0.7647058823529411,m2
0.0,0.16666666666666663,0.0,m2
0.0,0.16666666666666663,0.0,m2
0.4177215189873418,0.2777777777777778,0.7941176470588235,m2
0.25316455696202533,0.4629629629629629,0.11764705882352933,m2
0.0,0.16666666666666663,0.0,m2
0.0,0.16666666666666663,0.0,m2
0.0,0.16666666666666663,0.0,m2
0.22784810126582278,0.0,0.7941176470588235,m2
0.25316455696202533,0.4629629629629629,0.11764705882352933,m2
0.25316455696202533,0.4629629629629629,0.11764705882352933,m2
0.0,0.16666666666666663,0.0,m2
0.0,0.16666666666666663,0.0,m2
0.25316455696202533,0.4629629629629629,0.11764705882352933,m2
0.0,0.16666666666666663,0.0,m2
0.0,0.16666666666666663,0.0,m2
0.25316455696202533,0.4629629629629629,0.11764705882352933,m2
0.25316455696202533,0.4629629629629629,0.11764705882352933,m2
0.0,0.16666666666666663,0.0,m2
0.0,0.16666666666666663,0.0,m2
0.0,0.16666666666666663,0.0,m2
0.0,0.16666666666666663,0.0,m2
0.25316455696202533,0.4629629629629629,0.11764705882352933,m2
0.0,0.16666666666666663,0.0,m2
0.22784810126582278,0.0,0.7941176470588235,runif
0.25316455696202533,0.05555555555555558,0.7647058823529411,runif
0.4177215189873418,0.2777777777777778,0.7941176470588235,runif
0.25316455696202533,0.05555555555555558,0.7647058823529411,runif
0.22784810126582278,0.0,0.7941176470588235,runif
0.4177215189873418,0.2777777777777778,0.7941176470588235,runif
0.25316455696202533,0.05555555555555558,0.7647058823529411,runif
0.22784810126582278,0.0,0.7941176470588235,runif
0.0,0.16666666666666663,0.0,runif
0.25316455696202533,0.4629629629629629,0.11764705882352933,runif
0.4177215189873418,0.2777777777777778,0.7941176470588235,runif
0.4177215189873418,0.2777777777777778,0.7941176470588235,runif
0.0,0.16666666666666663,0.0,runif
0.0,0.16666666666666663,0.0,runif
0.22784810126582278,0.0,0.7941176470588235,runif
0.25316455696202533,0.05555555555555558,0.7647058823529411,runif
0.22784810126582278,0.0,0.7941176470588235,runif
0.0,0.16666666666666663,0.0,runif
0.22784810126582278,0.0,0.7941176470588235,runif
0.22784810126582278,0.0,0.7941176470588235,runif
0.25316455696202533,0.05555555555555558,0.7647058823529411,runif
0.25316455696202533,0.4629629629629629,0.11764705882352933,runif
0.4177215189873418,0.2777777777777778,0.7941176470588235,runif
0.25316455696202533,0.4629629629629629,0.11764705882352933,runif
0.25316455696202533,0.4629629629629629,0.11764705882352933,runif
0.22784810126582278,0.0,0.7941176470588235,runif
0.4177215189873418,0.2777777777777778,0.7941176470588235,runif
0.22784810126582278,0.0,0.7941176470588235,runif
0.4177215189873418,0.2777777777777778,0.7941176470588235,runif
0.25316455696202533,0.05555555555555558,0.7647058823529411,runif
0.4177215189873418,0.2777777777777778,0.7941176470588235,runif
0.25316455696202533,0.4629629629629629,0.11764705882352933,runif
0.0,0.16666666666666663,0.0,runif
0.0,0.16666666666666663,0.0,runif
0.4177215189873418,0.2777777777777778,0.7941176470588235,runif
0.25316455696202533,0.4629629629629629,0.11764705882352933,runif
0.4177215189873418,0.2777777777777778,0.7941176470588235,runif
0.4177215189873418,0.2777777777777778,0.7941176470588235,runif
0.0,0.16666666666666663,0.0,runif
0.25316455696202533,0.4629629629629629,0.11764705882352933,runif
0.0,0.16666666666666663,0.0,runif
0.25316455696202533,0.05555555555555558,0.7647058823529411,runif
0.0,0.16666666666666663,0.0,runif
0.25316455696202533,0.05555555555555558,0.7647058823529411,runif
0.4177215189873418,0.2777777777777778,0.7941176470588235,runif
0.4177215189873418,0.2777777777777778,0.7941176470588235,runif
0.22784810126582278,0.0,0.7941176470588235,runif
0.25316455696202533,0.05555555555555558,0.7647058823529411,runif
0.22784810126582278,0.0,0.7941176470588235,runif
0.25316455696202533,0.4629629629629629,0.11764705882352933,runif
0.22784810126582278,0.0,0.7941176470588235,runif
0.25316455696202533,0.4629629629629629,0.11764705882352933,runif
0.25316455696202533,0.4629629629629629,0.11764705882352933,runif
0.0,0.16666666666666663,0.0,runif
0.25316455696202533,0.05555555555555558,0.7647058823529411,runif
0.25316455696202533,0.4629629629629629,0.11764705882352933,runif
0.4177215189873418,0.2777777777777778,0.7941176470588235,runif
0.22784810126582278,0.0,0.7941176470588235,runif
0.22784810126582278,0.0,0.7941176470588235,runif
0.22784810126582278,0.0,0.7941176470588235,runif
0.22784810126582278,0.0,0.7941176470588235,runif
0.0,0.16666666666666663,0.0,runif
0.25316455696202533,0.4629629629629629,0.11764705882352933,runif
0.25316455696202533,0.4629629629629629,0.11764705882352933,runif
0.0,0.16666666666666663,0.0,runif
0.0,0.16666666666666663,0.0,runif
0.22784810126582278,0.0,0.7941176470588235,runif
0.25316455696202533,0.05555555555555558,0.7647058823529411,runif
0.25316455696202533,0.05555555555555558,0.7647058823529411,runif
0.25316455696202533,0.05555555555555558,0.7647058823529411,runif
0.0,0.16666666666666663,0.0,runif
0.4177215189873418,0.2777777777777778,0.7941176470588235,runif
0.0,0.16666666666666663,0.0,runif
0.4177215189873418,0.2777777777777778,0.7941176470588235,runif
0.25316455696202533,0.05555555555555558,0.7647058823529411,runif
0.0,0.16666666666666663,0.0,runif
0.0,0.16666666666666663,0.0,runif
0.0,0.16666666666666663,0.0,runif
0.25316455696202533,0.05555555555555558,0.7647058823529411,runif
0.25316455696202533,0.05555555555555558,0.7647058823529411,runif
0.4177215189873418,0.2777777777777778,0.7941176470588235,runif
0.25316455696202533,0.4629629629629629,0.11764705882352933,runif
0.25316455696202533,0.05555555555555558,0.7647058823529411,runif
0.25316455696202533,0.05555555555555558,0.7647058823529411,runif
0.25316455696202533,0.4629629629629629,0.11764705882352933,runif
0.25316455696202533,0.4629629629629629,0.11764705882352933,runif
0.25316455696202533,0.05555555555555558,0.7647058823529411,runif
0.0,0.16666666666666663,0.0,runif
0.4177215189873418,0.2777777777777778,0.7941176470588235,runif
0.22784810126582278,0.0,0.7941176470588235,runif
0.25316455696202533,0.05555555555555558,0.7647058823529411,runif
0.25316455696202533,0.05555555555555558,0.7647058823529411,runif
0.4177215189873418,0.2777777777777778,0.7941176470588235,runif
0.22784810126582278,0.0,0.7941176470588235,runif
0.0,0.16666666666666663,0.0,runif
0.4177215189873418,0.2777777777777778,0.7941176470588235,runif
0.0,0.16666666666666663,0.0,runif
0.25316455696202533,0.05555555555555558,0.7647058823529411,runif
0.4177215189873418,0.2777777777777778,0.7941176470588235,runif
0.4177215189873418,0.2777777777777778,0.7941176470588235,runif
