0,1,2,3,4,5,y
0.4177215189873418,0.1333333333333333,0.2777777777777778,0.0,0.7941176470588235,0.5510204081632653,qsampled
0.22784810126582278,0.0,0.0,0.06481481481481488,0.7941176470588235,0.0,qsampled
0.4177215189873418,0.1333333333333333,0.2777777777777778,0.0,0.7941176470588235,0.5510204081632653,qsampled
0.25316455696202533,0.0,0.05555555555555558,0.06481481481481488,0.7647058823529411,0.0,qsampled
0.4177215189873418,0.0,0.2777777777777778,0.06481481481481488,0.7941176470588235,0.0,qsampled
0.0,0.0,0.16666666666666663,0.06481481481481488,0.0,0.0,qsampled
0.22784810126582278,0.0,0.0,0.06481481481481488,0.7941176470588235,0.0,qsampled
0.25316455696202533,0.8933333333333333,0.4629629629629629,0.9444444444444444,0.11764705882352933,0.7959183673469388,qsampled
0.25316455696202533,0.0,0.4629629629629629,0.06481481481481488,0.11764705882352933,0.0,qsampled
0.0,0.1333333333333333,0.16666666666666663,0.0,0.0,0.5510204081632653,qsampled
0.25316455696202533,0.1333333333333333,0.4629629629629629,0.0,0.11764705882352933,0.5510204081632653,qsampled
0.22784810126582278,0.0,0.0,0.06481481481481488,0.7941176470588235,0.0,qsampled
0.22784810126582278,0.1333333333333333,0.0,0.0,0.7941176470588235,0.5510204081632653,qsampled
0.25316455696202533,0.0,0.05555555555555558,0.06481481481481488,0.7647058823529411,0.0,qsampled
0.25316455696202533,0.1333333333333333,0.4629629629629629,0.0,0.11764705882352933,0.5510204081632653,qsampled
0.25316455696202533,0.0,0.4629629629629629,0.06481481481481488,0.11764705882352933,0.0,qsampled
0.4177215189873418,0.0,0.2777777777777778,0.06481481481481488,0.7941176470588235,0.0,qsampled
0.25316455696202533,0.1333333333333333,0.05555555555555558,0.0,0.7647058823529411,0.5510204081632653,qsampled
0.25316455696202533,0.8933333333333333,0.4629629629629629,0.9444444444444444,0.11764705882352933,0.7959183673469388,qsampled
0.22784810126582278,0.0,0.0,0.06481481481481488,0.7941176470588235,0.0,qsampled
0.0,0.1333333333333333,0.16666666666666663,0.0,0.0,0.5510204081632653,qsampled
0.0,0.1333333333333333,0.16666666666666663,0.0,0.0,0.5510204081632653,qsampled
0.22784810126582278,0.0,0.0,0.06481481481481488,0.7941176470588235,0.0,qsampled
0.4177215189873418,0.0,0.2777777777777778,0.06481481481481488,0.7941176470588235,0.0,qsampled
0.4177215189873418,0.8933333333333333,0.2777777777777778,0.9444444444444444,0.7941176470588235,0.7959183673469388,qsampled
0.25316455696202533,0.0,0.4629629629629629,0.06481481481481488,0.11764705882352933,0.0,qsampled
0.25316455696202533,0.0,0.05555555555555558,0.06481481481481488,0.7647058823529411,0.0,qsampled
0.25316455696202533,0.1333333333333333,0.05555555555555558,0.0,0.7647058823529411,0.5510204081632653,qsampled
0.0,0.8933333333333333,0.16666666666666663,0.9444444444444444,0.0,0.7959183673469388,qsampled
0.25316455696202533,0.0,0.4629629629629629,0.06481481481481488,0.11764705882352933,0.0,qsampled
0.0,0.0,0.16666666666666663,0.06481481481481488,0.0,0.0,qsampled
0.0,0.0,0.16666666666666663,0.06481481481481488,0.0,0.0,qsampled
0.25316455696202533,0.1333333333333333,0.05555555555555558,0.0,0.7647058823529411,0.5510204081632653,qsampled
0.0,0.0,0.16666666666666663,0.06481481481481488,0.0,0.0,qsampled
0.25316455696202533,0.0,0.05555555555555558,0.06481481481481488,0.7647058823529411,0.0,qsampled
0.0,0.0,0.16666666666666663,0.06481481481481488,0.0,0.0,qsampled
0.22784810126582278,0.8933333333333333,0.0,0.9444444444444444,0.7941176470588235,0.7959183673469388,qsampled
0.22784810126582278,0.1333333333333333,0.0,0.0,0.7941176470588235,0.5510204081632653,qsampled
0.22784810126582278,0.1333333333333333,0.0,0.0,0.7941176470588235,0.5510204081632653,qsampled
0.22784810126582278,0.1333333333333333,0.0,0.0,0.7941176470588235,0.5510204081632653,qsampled
0.22784810126582278,0.0,0.0,0.06481481481481488,0.7941176470588235,0.0,qsampled
0.25316455696202533,0.1333333333333333,0.05555555555555558,0.0,0.7647058823529411,0.5510204081632653,qsampled
0.25316455696202533,0.0,0.4629629629629629,0.06481481481481488,0.11764705882352933,0.0,qsampled
0.22784810126582278,0.1333333333333333,0.0,0.0,0.7941176470588235,0.5510204081632653,qsampled
0.25316455696202533,0.1333333333333333,0.05555555555555558,0.0,0.7647058823529411,0.5510204081632653,qsampled
0.22784810126582278,0.1333333333333333,0.0,0.0,0.7941176470588235,0.5510204081632653,qsampled
0.22784810126582278,0.1333333333333333,0.0,0.0,0.7941176470588235,0.5510204081632653,qsampled
0.0,0.0,0.16666666666666663,0.06481481481481488,0.0,0.0,qsampled
0.25316455696202533,0.1333333333333333,0.05555555555555558,0.0,0.7647058823529411,0.5510204081632653,qsampled
0.0,0.0,0.16666666666666663,0.06481481481481488,0.0,0.0,qsampled
0.25316455696202533,0.0,0.05555555555555558,0.06481481481481488,0.7647058823529411,0.0,qsampled
0.25316455696202533,0.0,0.05555555555555558,0.06481481481481488,0.7647058823529411,0.0,qsampled
0.0,0.0,0.16666666666666663,0.06481481481481488,0.0,0.0,qsampled
0.25316455696202533,0.0,0.4629629629629629,0.06481481481481488,0.11764705882352933,0.0,qsampled
0.22784810126582278,0.0,0.0,0.06481481481481488,0.7941176470588235,0.0,qsampled
0.22784810126582278,0.1333333333333333,0.0,0.0,0.7941176470588235,0.5510204081632653,qsampled
0.0,0.1333333333333333,0.16666666666666663,0.0,0.0,0.5510204081632653,qsampled
0.0,0.0,0.16666666666666663,0.06481481481481488,0.0,0.0,qsampled
0.22784810126582278,0.1333333333333333,0.0,0.0,0.7941176470588235,0.5510204081632653,qsampled
0.25316455696202533,0.1333333333333333,0.05555555555555558,0.0,0.7647058823529411,0.5510204081632653,qsampled
0.25316455696202533,0.1333333333333333,0.4629629629629629,0.0,0.11764705882352933,0.5510204081632653,qsampled
0.22784810126582278,0.0,0.0,0.06481481481481488,0.7941176470588235,0.0,qsampled
0.4177215189873418,0.1333333333333333,0.2777777777777778,0.0,0.7941176470588235,0.5510204081632653,qsampled
0.0,0.0,0.16666666666666663,0.06481481481481488,0.0,0.0,qsampled
0.25316455696202533,0.1333333333333333,0.05555555555555558,0.0,0.7647058823529411,0.5510204081632653,qsampled
0.25316455696202533,0.1333333333333333,0.4629629629629629,0.0,0.11764705882352933,0.5510204081632653,qsampled
0.0,0.1333333333333333,0.16666666666666663,0.0,0.0,0.5510204081632653,qsampled
0.0,0.8933333333333333,0.16666666666666663,0.9444444444444444,0.0,0.7959183673469388,qsampled
0.4177215189873418,0.0,0.2777777777777778,0.06481481481481488,0.7941176470588235,0.0,qsampled
0.25316455696202533,0.0,0.4629629629629629,0.06481481481481488,0.11764705882352933,0.0,qsampled
0.0,0.0,0.16666666666666663,0.06481481481481488,0.0,0.0,qsampled
0.22784810126582278,0.9466666666666667,0.0,0.9722222222222222,0.7941176470588235,0.8979591836734694,qsampled
0.0,0.1333333333333333,0.16666666666666663,0.0,0.0,0.5510204081632653,qsampled
0.25316455696202533,0.0,0.05555555555555558,0.06481481481481488,0.7647058823529411,0.0,qsampled
0.4177215189873418,0.0,0.2777777777777778,0.06481481481481488,0.7941176470588235,0.0,qsampled
0.4177215189873418,0.1333333333333333,0.2777777777777778,0.0,0.7941176470588235,0.5510204081632653,qsampled
0.0,0.1333333333333333,0.16666666666666663,0.0,0.0,0.5510204081632653,qsampled
0.0,0.1333333333333333,0.16666666666666663,0.0,0.0,0.5510204081632653,qsampled
0.25316455696202533,0.0,0.4629629629629629,0.06481481481481488,0.11764705882352933,0.0,qsampled
0.25316455696202533,0.8933333333333333,0.05555555555555558,0.9444444444444444,0.7647058823529411,0.7959183673469388,qsampled
0.22784810126582278,0.0,0.0,0.06481481481481488,0.7941176470588235,0.0,qsampled
0.25316455696202533,0.0,0.05555555555555558,0.06481481481481488,0.7647058823529411,0.0,qsampled
0.0,0.0,0.16666666666666663,0.06481481481481488,0.0,0.0,qsampled
0.25316455696202533,0.1333333333333333,0.05555555555555558,0.0,0.7647058823529411,0.5510204081632653,qsampled
0.4177215189873418,0.0,0.2777777777777778,0.06481481481481488,0.7941176470588235,0.0,qsampled
0.25316455696202533,0.0,0.4629629629629629,0.06481481481481488,0.11764705882352933,0.0,qsampled
0.25316455696202533,0.1333333333333333,0.05555555555555558,0.0,0.7647058823529411,0.5510204081632653,qsampled
0.4177215189873418,0.1333333333333333,0.2777777777777778,0.0,0.7941176470588235,0.5510204081632653,qsampled
0.0,0.0,0.16666666666666663,0.06481481481481488,0.0,0.0,qsampled
0.25316455696202533,0.1333333333333333,0.4629629629629629,0.0,0.11764705882352933,0.5510204081632653,qsampled
0.4177215189873418,0.1333333333333333,0.2777777777777778,0.0,0.7941176470588235,0.5510204081632653,qsampled
0.4177215189873418,0.1333333333333333,0.2777777777777778,0.0,0.7941176470588235,0.5510204081632653,qsampled
0.25316455696202533,0.1333333333333333,0.4629629629629629,0.0,0.11764705882352933,0.5510204081632653,qsampled
0.25316455696202533,0.1333333333333333,0.4629629629629629,0.0,0.11764705882352933,0.5510204081632653,qsampled
0.0,0.0,0.16666666666666663,0.06481481481481488,0.0,0.0,qsampled
0.25316455696202533,0.0,0.05555555555555558,0.06481481481481488,0.7647058823529411,0.0,qsampled
0.0,0.1333333333333333,0.16666666666666663,0.0,0.0,0.5510204081632653,qsampled
0.25316455696202533,0.0,0.4629629629629629,0.06481481481481488,0.11764705882352933,0.0,qsampled
0.25316455696202533,0.1333333333333333,0.4629629629629629,0.0,0.11764705882352933,0.5510204081632653,qsampled
0.4177215189873418,0.1333333333333333,0.2777777777777778,0.0,0.7941176470588235,0.5510204081632653,qsampled
0.25316455696202533,0.1333333333333333,0.4629629629629629,0.0,0.11764705882352933,0.5510204081632653,m2
0.25316455696202533,0.8933333333333333,0.4629629629629629,0.9444444444444444,0.11764705882352933,0.7959183673469388,m2
0.0,0.0,0.16666666666666663,0.06481481481481488,0.0,0.0,m2
0.0,0.0,0.16666666666666663,0.06481481481481488,0.0,0.0,m2
0.25316455696202533,0.0,0.4629629629629629,0.06481481481481488,0.11764705882352933,0.0,m2
0.0,0.0,0.16666666666666663,0.06481481481481488,0.0,0.0,m2
0.0,0.0,0.16666666666666663,0.06481481481481488,0.0,0.0,m2
0.4177215189873418,0.0,0.2777777777777778,0.06481481481481488,0.7941176470588235,0.0,m2
0.25316455696202533,0.1333333333333333,0.4629629629629629,0.0,0.11764705882352933,0.5510204081632653,m2
0.25316455696202533,0.0,0.4629629629629629,0.06481481481481488,0.11764705882352933,0.0,m2
0.25316455696202533,0.1333333333333333,0.4629629629629629,0.0,0.11764705882352933,0.5510204081632653,m2
0.0,0.0,0.16666666666666663,0.06481481481481488,0.0,0.0,m2
0.0,0.9466666666666667,0.16666666666666663,0.9722222222222222,0.0,0.8979591836734694,m2
0.4177215189873418,0.0,0.2777777777777778,0.06481481481481488,0.7941176470588235,0.0,m2
0.0,0.8933333333333333,0.16666666666666663,0.9444444444444444,0.0,0.7959183673469388,m2
0.25316455696202533,0.0,0.4629629629629629,0.06481481481481488,0.11764705882352933,0.0,m2
0.0,0.1333333333333333,0.16666666666666663,0.0,0.0,0.5510204081632653,m2
0.0,0.9466666666666667,0.16666666666666663,0.9722222222222222,0.0,0.8979591836734694,m2
0.0,0.1333333333333333,0.16666666666666663,0.0,0.0,0.5510204081632653,m2
0.0,0.0,0.16666666666666663,0.06481481481481488,0.0,0.0,m2
0.4177215189873418,0.0,0.2777777777777778,0.06481481481481488,0.7941176470588235,0.0,m2
0.0,0.0,0.16666666666666663,0.06481481481481488,0.0,0.0,m2
0.25316455696202533,0.0,0.4629629629629629,0.06481481481481488,0.11764705882352933,0.0,m2
0.0,0.9466666666666667,0.16666666666666663,0.9722222222222222,0.0,0.8979591836734694,m2
0.0,0.9466666666666667,0.16666666666666663,0.9722222222222222,0.0,0.8979591836734694,m2
0.22784810126582278,0.0,0.0,0.06481481481481488,0.7941176470588235,0.0,m2
0.25316455696202533,0.1333333333333333,0.4629629629629629,0.0,0.11764705882352933,0.5510204081632653,m2
0.22784810126582278,0.0,0.0,0.06481481481481488,0.7941176470588235,0.0,m2
0.25316455696202533,0.0,0.4629629629629629,0.06481481481481488,0.11764705882352933,0.0,m2
0.25316455696202533,0.9466666666666667,0.4629629629629629,0.9722222222222222,0.11764705882352933,0.8979591836734694,m2
0.4177215189873418,0.1333333333333333,0.2777777777777778,0.0,0.7941176470588235,0.5510204081632653,m2
0.0,0.1333333333333333,0.16666666666666663,0.0,0.0,0.5510204081632653,m2
0.25316455696202533,0.0,0.05555555555555558,0.06481481481481488,0.7647058823529411,0.0,m2
0.22784810126582278,0.0,0.0,0.06481481481481488,0.7941176470588235,0.0,m2
0.0,0.0,0.16666666666666663,0.06481481481481488,0.0,0.0,m2
0.25316455696202533,0.0,0.05555555555555558,0.06481481481481488,0.7647058823529411,0.0,m2
0.25316455696202533,0.0,0.05555555555555558,0.06481481481481488,0.7647058823529411,0.0,m2
0.0,0.1333333333333333,0.16666666666666663,0.0,0.0,0.5510204081632653,m2
0.25316455696202533,0.0,0.05555555555555558,0.06481481481481488,0.7647058823529411,0.0,m2
0.22784810126582278,0.8933333333333333,0.0,0.9444444444444444,0.7941176470588235,0.7959183673469388,m2
0.25316455696202533,0.0,0.4629629629629629,0.06481481481481488,0.11764705882352933,0.0,m2
0.25316455696202533,0.8933333333333333,0.4629629629629629,0.9444444444444444,0.11764705882352933,0.7959183673469388,m2
0.4177215189873418,0.0,0.2777777777777778,0.06481481481481488,0.7941176470588235,0.0,m2
0.25316455696202533,0.0,0.05555555555555558,0.06481481481481488,0.7647058823529411,0.0,m2
0.0,0.0,0.16666666666666663,0.06481481481481488,0.0,0.0,m2
0.25316455696202533,0.1333333333333333,0.4629629629629629,0.0,0.11764705882352933,0.5510204081632653,m2
0.25316455696202533,0.0,0.4629629629629629,0.06481481481481488,0.11764705882352933,0.0,m2
0.22784810126582278,0.9466666666666667,0.0,0.9722222222222222,0.7941176470588235,0.8979591836734694,m2
0.0,0.0,0.16666666666666663,0.06481481481481488,0.0,0.0,m2
0.22784810126582278,0.1333333333333333,0.0,0.0,0.7941176470588235,0.5510204081632653,m2
0.25316455696202533,0.1333333333333333,0.4629629629629629,0.0,0.11764705882352933,0.5510204081632653,m2
0.25316455696202533,0.0,0.4629629629629629,0.06481481481481488,0.11764705882352933,0.0,m2
0.4177215189873418,0.8933333333333333,0.2777777777777778,0.9444444444444444,0.7941176470588235,0.7959183673469388,m2
0.22784810126582278,0.0,0.0,0.06481481481481488,0.7941176470588235,0.0,m2
0.25316455696202533,0.8933333333333333,0.05555555555555558,0.9444444444444444,0.7647058823529411,0.7959183673469388,m2
0.25316455696202533,0.0,0.4629629629629629,0.06481481481481488,0.11764705882352933,0.0,m2
0.0,0.0,0.16666666666666663,0.06481481481481488,0.0,0.0,m2
0.0,0.0,0.16666666666666663,0.06481481481481488,0.0,0.0,m2
0.0,0.0,0.16666666666666663,0.06481481481481488,0.0,0.0,m2
0.22784810126582278,0.0,0.0,0.06481481481481488,0.7941176470588235,0.0,m2
0.25316455696202533,0.1333333333333333,0.4629629629629629,0.0,0.11764705882352933,0.5510204081632653,m2
0.0,0.0,0.16666666666666663,0.06481481481481488,0.0,0.0,m2
0.25316455696202533,0.0,0.05555555555555558,0.06481481481481488,0.7647058823529411,0.0,m2
0.25316455696202533,0.1333333333333333,0.4629629629629629,0.0,0.11764705882352933,0.5510204081632653,m2
0.0,0.8933333333333333,0.16666666666666663,0.9444444444444444,0.0,0.7959183673469388,m2
0.0,0.1333333333333333,0.16666666666666663,0.0,0.0,0.5510204081632653,m2
0.4177215189873418,0.0,0.2777777777777778,0.06481481481481488,0.7941176470588235,0.0,m2
0.25316455696202533,0.0,0.05555555555555558,0.06481481481481488,0.7647058823529411,0.0,m2
0.25316455696202533,0.1333333333333333,0.05555555555555558,0.0,0.7647058823529411,0.5510204081632653,m2
0.0,0.8933333333333333,0.16666666666666663,0.9444444444444444,0.0,0.7959183673469388,m2
0.25316455696202533,0.0,0.4629629629629629,0.06481481481481488,0.11764705882352933,0.0,m2
0.22784810126582278,0.0,0.0,0.06481481481481488,0.7941176470588235,0.0,m2
0.25316455696202533,0.0,0.05555555555555558,0.06481481481481488,0.7647058823529411,0.0,m2
0.4177215189873418,0.0,0.2777777777777778,0.06481481481481488,0.7941176470588235,0.0,m2
0.25316455696202533,0.0,0.4629629629629629,0.06481481481481488,0.11764705882352933,0.0,m2
0.25316455696202533,0.0,0.4629629629629629,0.06481481481481488,0.11764705882352933,0.0,m2
0.25316455696202533,0.0,0.05555555555555558,0.06481481481481488,0.7647058823529411,0.0,m2
0.0,0.9466666666666667,0.16666666666666663,0.9722222222222222,0.0,0.8979591836734694,m2
0.0,0.0,0.16666666666666663,0.06481481481481488,0.0,0.0,m2
0.4177215189873418,0.1333333333333333,0.2777777777777778,0.0,0.7941176470588235,0.5510204081632653,m2
0.25316455696202533,0.0,0.4629629629629629,0.06481481481481488,0.11764705882352933,0.0,m2
0.0,0.1333333333333333,0.16666666666666663,0.0,0.0,0.5510204081632653,m2
0.0,0.0,0.16666666666666663,0.06481481481481488,0.0,0.0,m2
0.0,0.1333333333333333,0.16666666666666663,0.0,0.0,0.5510204081632653,m2
0.22784810126582278,0.0,0.0,0.06481481481481488,0.7941176470588235,0.0,m2
0.25316455696202533,0.0,0.4629629629629629,0.06481481481481488,0.11764705882352933,0.0,m2
0.25316455696202533,0.1333333333333333,0.4629629629629629,0.0,0.11764705882352933,0.5510204081632653,m2
0.0,0.1333333333333333,0.16666666666666663,0.0,0.0,0.5510204081632653,m2
0.0,0.1333333333333333,0.16666666666666663,0.0,0.0,0.5510204081632653,m2
0.25316455696202533,0.0,0.4629629629629629,0.06481481481481488,0.11764705882352933,0.0,m2
0.0,0.0,0.16666666666666663,0.06481481481481488,0.0,0.0,m2
0.0,0.0,0.16666666666666663,0.06481481481481488,0.0,0.0,m2
0.25316455696202533,0.0,0.4629629629629629,0.06481481481481488,0.11764705882352933,0.0,m2
0.25316455696202533,0.1333333333333333,0.4629629629629629,0.0,0.11764705882352933,0.5510204081632653,m2
0.0,0.1333333333333333,0.16666666666666663,0.0,0.0,0.5510204081632653,m2
0.0,0.0,0.16666666666666663,0.06481481481481488,0.0,0.0,m2
0.0,0.1333333333333333,0.16666666666666663,0.0,0.0,0.5510204081632653,m2
0.0,0.8933333333333333,0.16666666666666663,0.9444444444444444,0.0,0.7959183673469388,m2
0.25316455696202533,0.0,0.4629629629629629,0.06481481481481488,0.11764705882352933,0.0,m2
0.0,0.1333333333333333,0.16666666666666663,0.0,0.0,0.5510204081632653,m2
0.22784810126582278,0.8933333333333333,0.0,0.9444444444444444,0.7941176470588235,0.7959183673469388,runif
0.25316455696202533,0.1333333333333333,0.05555555555555558,0.0,0.7647058823529411,0.5510204081632653,runif
0.4177215189873418,0.1333333333333333,0.2777777777777778,0.0,0.7941176470588235,0.5510204081632653,runif
0.25316455696202533,0.8933333333333333,0.05555555555555558,0.9444444444444444,0.7647058823529411,0.7959183673469388,runif
0.22784810126582278,0.8933333333333333,0.0,0.9444444444444444,0.7941176470588235,0.7959183673469388,runif
0.4177215189873418,0.8933333333333333,0.2777777777777778,0.9444444444444444,0.7941176470588235,0.7959183673469388,runif
0.25316455696202533,0.9466666666666667,0.05555555555555558,0.9722222222222222,0.7647058823529411,0.8979591836734694,runif
0.22784810126582278,0.9466666666666667,0.0,0.9722222222222222,0.7941176470588235,0.8979591836734694,runif
0.0,0.0,0.16666666666666663,0.06481481481481488,0.0,0.0,runif
0.25316455696202533,0.9466666666666667,0.4629629629629629,0.9722222222222222,0.11764705882352933,0.8979591836734694,runif
0.4177215189873418,0.8933333333333333,0.2777777777777778,0.9444444444444444,0.7941176470588235,0.7959183673469388,runif
0.4177215189873418,0.1333333333333333,0.2777777777777778,0.0,0.7941176470588235,0.5510204081632653,runif
0.0,0.1333333333333333,0.16666666666666663,0.0,0.0,0.5510204081632653,runif
0.0,0.9466666666666667,0.16666666666666663,0.9722222222222222,0.0,0.8979591836734694,runif
0.22784810126582278,0.0,0.0,0.06481481481481488,0.7941176470588235,0.0,runif
0.25316455696202533,0.1333333333333333,0.05555555555555558,0.0,0.7647058823529411,0.5510204081632653,runif
0.22784810126582278,0.1333333333333333,0.0,0.0,0.7941176470588235,0.5510204081632653,runif
0.0,0.8933333333333333,0.16666666666666663,0.9444444444444444,0.0,0.7959183673469388,runif
0.22784810126582278,0.9466666666666667,0.0,0.9722222222222222,0.7941176470588235,0.8979591836734694,runif
0.22784810126582278,0.9466666666666667,0.0,0.9722222222222222,0.7941176470588235,0.8979591836734694,runif
0.25316455696202533,0.1333333333333333,0.05555555555555558,0.0,0.7647058823529411,0.5510204081632653,runif
0.25316455696202533,0.9466666666666667,0.4629629629629629,0.9722222222222222,0.11764705882352933,0.8979591836734694,runif
0.4177215189873418,0.1333333333333333,0.2777777777777778,0.0,0.7941176470588235,0.5510204081632653,runif
0.25316455696202533,0.1333333333333333,0.4629629629629629,0.0,0.11764705882352933,0.5510204081632653,runif
0.25316455696202533,0.1333333333333333,0.4629629629629629,0.0,0.11764705882352933,0.5510204081632653,runif
0.22784810126582278,0.1333333333333333,0.0,0.0,0.7941176470588235,0.5510204081632653,runif
0.4177215189873418,0.0,0.2777777777777778,0.06481481481481488,0.7941176470588235,0.0,runif
0.22784810126582278,0.1333333333333333,0.0,0.0,0.7941176470588235,0.5510204081632653,runif
0.4177215189873418,0.1333333333333333,0.2777777777777778,0.0,0.7941176470588235,0.5510204081632653,runif
0.25316455696202533,0.9466666666666667,0.05555555555555558,0.9722222222222222,0.7647058823529411,0.8979591836734694,runif
0.4177215189873418,0.1333333333333333,0.2777777777777778,0.0,0.7941176470588235,0.5510204081632653,runif
0.25316455696202533,0.0,0.4629629629629629,0.06481481481481488,0.11764705882352933,0.0,runif
0.0,0.8933333333333333,0.16666666666666663,0.9444444444444444,0.0,0.7959183673469388,runif
0.0,0.0,0.16666666666666663,0.06481481481481488,0.0,0.0,runif
0.4177215189873418,0.9466666666666667,0.2777777777777778,0.9722222222222222,0.7941176470588235,0.8979591836734694,runif
0.25316455696202533,0.9466666666666667,0.4629629629629629,0.9722222222222222,0.11764705882352933,0.8979591836734694,runif
0.4177215189873418,0.0,0.2777777777777778,0.06481481481481488,0.7941176470588235,0.0,runif
0.4177215189873418,0.1333333333333333,0.2777777777777778,0.0,0.7941176470588235,0.5510204081632653,runif
0.0,0.9466666666666667,0.16666666666666663,0.9722222222222222,0.0,0.8979591836734694,runif
0.25316455696202533,0.9466666666666667,0.4629629629629629,0.9722222222222222,0.11764705882352933,0.8979591836734694,runif
0.0,0.0,0.16666666666666663,0.06481481481481488,0.0,0.0,runif
0.25316455696202533,0.0,0.05555555555555558,0.06481481481481488,0.7647058823529411,0.0,runif
0.0,0.0,0.16666666666666663,0.06481481481481488,0.0,0.0,runif
0.25316455696202533,0.8933333333333333,0.05555555555555558,0.9444444444444444,0.7647058823529411,0.7959183673469388,runif
0.4177215189873418,0.0,0.2777777777777778,0.06481481481481488,0.7941176470588235,0.0,runif
0.4177215189873418,0.1333333333333333,0.2777777777777778,0.0,0.7941176470588235,0.5510204081632653,runif
0.22784810126582278,0.8933333333333333,0.0,0.9444444444444444,0.7941176470588235,0.7959183673469388,runif
0.25316455696202533,0.0,0.05555555555555558,0.06481481481481488,0.7647058823529411,0.0,runif
0.22784810126582278,0.1333333333333333,0.0,0.0,0.7941176470588235,0.5510204081632653,runif
0.25316455696202533,0.9466666666666667,0.4629629629629629,0.9722222222222222,0.11764705882352933,0.8979591836734694,runif
0.22784810126582278,0.8933333333333333,0.0,0.9444444444444444,0.7941176470588235,0.7959183673469388,runif
0.25316455696202533,0.9466666666666667,0.4629629629629629,0.9722222222222222,0.11764705882352933,0.8979591836734694,runif
0.25316455696202533,0.1333333333333333,0.4629629629629629,0.0,0.11764705882352933,0.5510204081632653,runif
0.0,0.9466666666666667,0.16666666666666663,0.9722222222222222,0.0,0.8979591836734694,runif
0.25316455696202533,0.1333333333333333,0.05555555555555558,0.0,0.7647058823529411,0.5510204081632653,runif
0.25316455696202533,0.8933333333333333,0.4629629629629629,0.9444444444444444,0.11764705882352933,0.7959183673469388,runif
0.4177215189873418,0.1333333333333333,0.2777777777777778,0.0,0.7941176470588235,0.5510204081632653,runif
0.22784810126582278,0.9466666666666667,0.0,0.9722222222222222,0.7941176470588235,0.8979591836734694,runif
0.22784810126582278,0.9466666666666667,0.0,0.9722222222222222,0.7941176470588235,0.8979591836734694,runif
0.22784810126582278,0.9466666666666667,0.0,0.9722222222222222,0.7941176470588235,0.8979591836734694,runif
0.22784810126582278,0.1333333333333333,0.0,0.0,0.7941176470588235,0.5510204081632653,runif
0.0,0.0,0.16666666666666663,0.06481481481481488,0.0,0.0,runif
0.25316455696202533,0.8933333333333333,0.4629629629629629,0.9444444444444444,0.11764705882352933,0.7959183673469388,runif
0.25316455696202533,0.8933333333333333,0.4629629629629629,0.9444444444444444,0.11764705882352933,0.7959183673469388,runif
0.0,0.1333333333333333,0.16666666666666663,0.0,0.0,0.5510204081632653,runif
0.0,0.1333333333333333,0.16666666666666663,0.0,0.0,0.5510204081632653,runif
0.22784810126582278,0.1333333333333333,0.0,0.0,0.7941176470588235,0.5510204081632653,runif
0.25316455696202533,0.9466666666666667,0.05555555555555558,0.9722222222222222,0.7647058823529411,0.8979591836734694,runif
0.25316455696202533,0.9466666666666667,0.05555555555555558,0.9722222222222222,0.7647058823529411,0.8979591836734694,runif
0.25316455696202533,0.9466666666666667,0.05555555555555558,0.9722222222222222,0.7647058823529411,0.8979591836734694,runif
0.0,0.1333333333333333,0.16666666666666663,0.0,0.0,0.5510204081632653,runif
0.4177215189873418,0.0,0.2777777777777778,0.06481481481481488,0.7941176470588235,0.0,runif
0.0,0.8933333333333333,0.16666666666666663,0.9444444444444444,0.0,0.7959183673469388,runif
0.4177215189873418,0.9466666666666667,0.2777777777777778,0.9722222222222222,0.7941176470588235,0.8979591836734694,runif
0.25316455696202533,0.1333333333333333,0.05555555555555558,0.0,0.7647058823529411,0.5510204081632653,runif
0.0,0.0,0.16666666666666663,0.06481481481481488,0.0,0.0,runif
0.0,0.0,0.16666666666666663,0.06481481481481488,0.0,0.0,runif
0.0,0.8933333333333333,0.16666666666666663,0.9444444444444444,0.0,0.7959183673469388,runif
0.25316455696202533,0.8933333333333333,0.05555555555555558,0.9444444444444444,0.7647058823529411,0.7959183673469388,runif
0.25316455696202533,0.8933333333333333,0.05555555555555558,0.9444444444444444,0.7647058823529411,0.7959183673469388,runif
0.4177215189873418,0.9466666666666667,0.2777777777777778,0.9722222222222222,0.7941176470588235,0.8979591836734694,runif
0.25316455696202533,0.1333333333333333,0.4629629629629629,0.0,0.11764705882352933,0.5510204081632653,runif
0.25316455696202533,0.9466666666666667,0.05555555555555558,0.9722222222222222,0.7647058823529411,0.8979591836734694,runif
0.25316455696202533,0.1333333333333333,0.05555555555555558,0.0,0.7647058823529411,0.5510204081632653,runif
0.25316455696202533,0.9466666666666667,0.4629629629629629,0.9722222222222222,0.11764705882352933,0.8979591836734694,runif
0.25316455696202533,0.8933333333333333,0.4629629629629629,0.9444444444444444,0.11764705882352933,0.7959183673469388,runif
0.25316455696202533,0.0,0.05555555555555558,0.06481481481481488,0.7647058823529411,0.0,runif
0.0,0.0,0.16666666666666663,0.06481481481481488,0.0,0.0,runif
0.4177215189873418,0.8933333333333333,0.2777777777777778,0.9444444444444444,0.7941176470588235,0.7959183673469388,runif
0.22784810126582278,0.1333333333333333,0.0,0.0,0.7941176470588235,0.5510204081632653,runif
0.25316455696202533,0.8933333333333333,0.05555555555555558,0.9444444444444444,0.7647058823529411,0.7959183673469388,runif
0.25316455696202533,0.0,0.05555555555555558,0.06481481481481488,0.7647058823529411,0.0,runif
0.4177215189873418,0.1333333333333333,0.2777777777777778,0.0,0.7941176470588235,0.5510204081632653,runif
0.22784810126582278,0.1333333333333333,0.0,0.0,0.7941176470588235,0.5510204081632653,runif
0.0,0.0,0.16666666666666663,0.06481481481481488,0.0,0.0,runif
0.4177215189873418,0.0,0.2777777777777778,0.06481481481481488,0.7941176470588235,0.0,runif
0.0,0.1333333333333333,0.16666666666666663,0.0,0.0,0.5510204081632653,runif
0.25316455696202533,0.0,0.05555555555555558,0.06481481481481488,0.7647058823529411,0.0,runif
0.4177215189873418,0.0,0.2777777777777778,0.06481481481481488,0.7941176470588235,0.0,runif
0.4177215189873418,0.8933333333333333,0.2777777777777778,0.9444444444444444,0.7941176470588235,0.7959183673469388,runif
