0,1,2,3,4,5,6,7,8,9,10,11,y
0.7727272727272727,0.0,0.546875,0.3561858907263973,0.8,0.5119047619047619,0.5564601769911504,0.6909090909090909,0.7941176470588235,0.0,0.0,0.6153846153846154,qsampled
0.7462686567164178,0.0,0.0,0.23519185396746578,0.6216216216216217,0.0,0.0,0.38297872340425543,0.7941176470588235,0.0,0.16742493175614215,0.0,qsampled
0.7727272727272727,0.0,0.546875,0.3561858907263973,0.8,0.5119047619047619,0.5564601769911504,0.6909090909090909,0.7941176470588235,0.0,0.0,0.6153846153846154,qsampled
0.3880597014925373,0.0,0.265625,0.0,0.08108108108108114,0.0,0.34250195771339087,0.0,0.7647058823529411,0.0,0.18360864040660718,0.07407407407407407,qsampled
0.4626865671641791,0.0,0.265625,0.0,0.16216216216216228,0.0,0.26212389380530954,0.0,0.7941176470588235,0.0,0.03472222222222199,0.07407407407407407,qsampled
0.0,0.0,0.0,0.42675068532165616,0.0,0.0,0.0,0.2978723404255319,0.0,0.0,0.1518424396442184,0.7407407407407407,qsampled
0.7462686567164178,0.0,0.265625,0.23519185396746578,0.6216216216216217,0.0,0.3809221993344952,0.38297872340425543,0.7941176470588235,0.0,0.16196542311191997,0.0,qsampled
0.26865671641791034,0.8810872027180068,0.375,0.1346431972909098,0.4054054054054055,0.9285714285714286,0.3883185840707962,0.38297872340425543,0.11764705882352933,0.7826086956521738,0.0,0.0,qsampled
0.26865671641791034,0.0,0.375,0.4589227133232212,0.4054054054054055,0.0,0.3883185840707962,0.2978723404255319,0.11764705882352933,0.0,0.0,0.7407407407407407,qsampled
0.7272727272727273,0.0,0.546875,0.3808179515019906,0.8,0.5119047619047619,0.5564601769911504,0.6909090909090909,0.0,0.0,0.7925851703406813,0.6153846153846154,qsampled
0.26865671641791034,0.5719185423365487,0.0,0.4589227133232212,0.4054054054054055,0.5119047619047619,0.0,0.2978723404255319,0.11764705882352933,0.76041038020519,0.06613226452905785,0.6153846153846154,qsampled
0.0,0.7975097700627102,0.0,0.0,0.0,0.7462686567164178,0.0,0.0,0.7941176470588235,0.8346456692913387,0.8589626933575978,0.8148148148148149,qsampled
0.7462686567164178,0.5719185423365487,0.265625,0.0,0.6216216216216217,0.5119047619047619,0.3809221993344952,0.0,0.7941176470588235,0.76041038020519,0.2160611854684512,0.8461538461538461,qsampled
0.3880597014925373,0.0,0.265625,0.23519185396746578,0.08108108108108114,0.0,0.34250195771339087,0.38297872340425543,0.7647058823529411,0.0,0.18360864040660718,0.0,qsampled
0.26865671641791034,0.5719185423365487,0.265625,0.0,0.4054054054054055,0.5119047619047619,0.26212389380530954,0.0,0.11764705882352933,0.76041038020519,0.22444889779559107,0.8461538461538461,qsampled
0.26865671641791034,0.0,0.265625,0.0,0.4054054054054055,0.0,0.26212389380530954,0.0,0.11764705882352933,0.0,0.18360864040660718,0.07407407407407407,qsampled
0.4626865671641791,0.0,0.0,0.4250881316098708,0.16216216216216228,0.0,0.0,0.2978723404255319,0.7941176470588235,0.0,0.16666666666666652,0.7407407407407407,qsampled
0.3880597014925373,0.45133776896942246,1.0,0.44914938532224025,0.08108108108108114,0.0,0.9156646626586507,0.38297872340425543,0.7647058823529411,0.7306763285024155,0.4178356713426854,0.0,qsampled
0.26865671641791034,0.879957127545552,0.375,0.4589227133232212,0.4054054054054055,0.9285714285714286,0.3883185840707962,0.2978723404255319,0.11764705882352933,0.7827398913699457,0.0,0.7407407407407407,qsampled
0.7462686567164178,0.0,0.9076923076923077,0.44914938532224025,0.6216216216216217,0.7462686567164178,0.9267241379310345,0.38297872340425543,0.7941176470588235,0.0,0.16196542311191997,0.8148148148148149,qsampled
0.0,0.5719185423365487,0.0,0.42675068532165616,0.0,0.5119047619047619,0.0,0.2978723404255319,0.0,0.76041038020519,0.06613226452905785,0.6153846153846154,qsampled
0.7272727272727273,0.0,0.546875,0.0,0.8,0.5119047619047619,0.5564601769911504,0.8727272727272728,0.0,0.0,0.7925851703406813,0.8461538461538461,qsampled
0.0,0.7975097700627102,0.0,0.0,0.0,0.7462686567164178,0.0,0.0,0.7941176470588235,0.8346456692913387,0.8589626933575978,0.8148148148148149,qsampled
0.7727272727272727,0.7975097700627102,0.0,0.0680343311701902,0.8,0.7462686567164178,0.004752851711026795,0.0,0.7941176470588235,0.8346456692913387,0.828125,0.8148148148148149,qsampled
0.4626865671641791,0.879957127545552,0.0,0.0,0.16216216216216228,0.9285714285714286,0.0,0.0,0.7941176470588235,0.7827398913699457,0.16666666666666652,0.07407407407407407,qsampled
0.26865671641791034,0.0,0.265625,0.1346431972909098,0.4054054054054055,0.0,0.26212389380530954,0.38297872340425543,0.11764705882352933,0.0,0.18360864040660718,0.0,qsampled
0.3880597014925373,0.0,0.9076923076923077,0.44914938532224025,0.08108108108108114,0.7462686567164178,0.4711088844355378,0.38297872340425543,0.7647058823529411,0.0,0.18360864040660718,0.8148148148148149,qsampled
0.3880597014925373,0.45133776896942246,0.7230769230769231,0.44914938532224025,0.08108108108108114,0.0,0.1269205076820309,0.38297872340425543,0.7647058823529411,0.7306763285024155,0.06613226452905785,0.0,qsampled
0.0,0.8810872027180068,0.0,0.10046637473744169,0.0,0.9285714285714286,0.0,0.38297872340425543,0.0,0.7826086956521738,0.1518424396442184,0.0,qsampled
0.26865671641791034,0.0,0.8,0.586969558009101,0.4054054054054055,0.7462686567164178,0.26806083650190127,0.38297872340425543,0.11764705882352933,0.0,0.0,0.8148148148148149,qsampled
0.0,0.0,0.65625,0.42675068532165616,0.0,0.0,0.8035398230088495,0.2978723404255319,0.0,0.0,0.4142312579415499,0.7407407407407407,qsampled
0.0,0.0,0.375,0.10046637473744169,0.0,0.0,0.3883185840707962,0.38297872340425543,0.0,0.0,0.0,0.0,qsampled
0.3880597014925373,0.5719185423365487,0.0,0.0,0.08108108108108114,0.5119047619047619,0.0,0.0,0.7647058823529411,0.76041038020519,0.06613226452905785,0.8461538461538461,qsampled
0.0,0.0,0.7230769230769231,0.5868845455516395,0.0,0.7462686567164178,0.0,0.38297872340425543,0.0,0.0,0.1518424396442184,0.8148148148148149,qsampled
0.5909090909090909,0.7975097700627102,0.546875,0.9256794231835829,0.575,0.0,0.538175411119812,0.9818181818181818,0.7647058823529411,0.8346456692913387,0.8843710292249047,0.0,qsampled
0.7272727272727273,0.7377706495589414,0.546875,0.3808179515019906,0.8,0.0,0.5564601769911504,0.6909090909090909,0.0,0.717948717948718,0.8843710292249047,0.7407407407407407,qsampled
0.0,1.0,0.546875,0.6367165834719911,0.0,0.9285714285714286,0.429250514973855,0.6909090909090909,0.7941176470588235,1.0,0.8589626933575978,0.7407407407407407,qsampled
0.7462686567164178,0.45133776896942246,0.375,0.23519185396746578,0.6216216216216217,0.5119047619047619,0.4904135636190776,0.38297872340425543,0.7941176470588235,0.7306763285024155,0.0,0.8461538461538461,qsampled
0.0,0.0,0.546875,0.6367165834719911,0.0,0.5119047619047619,0.429250514973855,0.6909090909090909,0.7941176470588235,0.0,0.6558317399617591,0.6153846153846154,qsampled
0.7462686567164178,0.5719185423365487,0.0,0.3686824785794115,0.6216216216216217,0.5119047619047619,0.0,0.2978723404255319,0.7941176470588235,0.76041038020519,0.021032504780114647,0.6153846153846154,qsampled
0.7462686567164178,0.0,0.0,0.3686824785794115,0.6216216216216217,0.0,0.0,0.2978723404255319,0.7941176470588235,0.0,0.16742493175614215,0.7407407407407407,qsampled
0.5909090909090909,0.0,0.546875,0.7459789240155297,0.575,0.5119047619047619,0.538175411119812,0.8727272727272728,0.7647058823529411,0.0,0.7925851703406813,0.8461538461538461,qsampled
0.26865671641791034,0.0,0.375,0.0,0.4054054054054055,0.0,0.3883185840707962,0.0,0.11764705882352933,0.0,0.0,0.07407407407407407,qsampled
0.7462686567164178,0.5719185423365487,0.0,0.0,0.6216216216216217,0.5119047619047619,0.0,0.0,0.7941176470588235,0.76041038020519,0.021032504780114647,0.8461538461538461,qsampled
0.3880597014925373,0.45133776896942246,0.0,0.23519185396746578,0.08108108108108114,0.5119047619047619,0.0,0.38297872340425543,0.7647058823529411,0.7306763285024155,0.06613226452905785,0.8461538461538461,qsampled
0.7462686567164178,0.5719185423365487,0.0,0.3686824785794115,0.6216216216216217,0.5119047619047619,0.0,0.2978723404255319,0.7941176470588235,0.76041038020519,0.021032504780114647,0.6153846153846154,qsampled
0.7462686567164178,0.5719185423365487,0.0,0.0,0.6216216216216217,0.5119047619047619,0.0,0.0,0.7941176470588235,0.76041038020519,0.021032504780114647,0.8461538461538461,qsampled
0.0,0.0,0.65625,0.42675068532165616,0.0,0.0,0.8035398230088495,0.2978723404255319,0.0,0.0,0.4142312579415499,0.7407407407407407,qsampled
0.5909090909090909,0.0,0.546875,0.9256794231835829,0.575,0.5119047619047619,0.538175411119812,0.9818181818181818,0.7647058823529411,0.0,0.7925851703406813,0.8461538461538461,qsampled
0.7272727272727273,0.7377706495589414,0.546875,0.0,0.8,0.0,0.5564601769911504,0.8727272727272728,0.0,0.717948717948718,0.8843710292249047,0.07407407407407407,qsampled
0.3880597014925373,0.0,0.9076923076923077,0.44914938532224025,0.08108108108108114,0.7462686567164178,0.4711088844355378,0.38297872340425543,0.7647058823529411,0.0,0.18360864040660718,0.8148148148148149,qsampled
0.3880597014925373,0.0,0.265625,0.23519185396746578,0.08108108108108114,0.0,0.34250195771339087,0.38297872340425543,0.7647058823529411,0.0,0.18360864040660718,0.0,qsampled
0.0,0.0,0.0,0.42675068532165616,0.0,0.0,0.0,0.2978723404255319,0.0,0.0,0.1518424396442184,0.7407407407407407,qsampled
0.7727272727272727,0.7975097700627102,0.546875,0.09413854351687412,0.825,0.0,0.5564601769911504,0.9818181818181818,0.11764705882352933,0.8346456692913387,0.8843710292249047,0.0,qsampled
0.7462686567164178,0.0,0.265625,0.0,0.6216216216216217,0.0,0.3809221993344952,0.0,0.7941176470588235,0.0,0.16196542311191997,0.07407407407407407,qsampled
0.0,0.0,0.546875,0.7459789240155297,0.0,0.5119047619047619,0.429250514973855,0.8727272727272728,0.7941176470588235,0.0,0.6558317399617591,0.8461538461538461,qsampled
0.0,0.5719185423365487,0.0,0.42675068532165616,0.0,0.5119047619047619,0.0,0.2978723404255319,0.0,0.76041038020519,0.06613226452905785,0.6153846153846154,qsampled
0.7272727272727273,0.7975097700627102,0.0,0.28020267824828093,0.8,0.7462686567164178,0.004752851711026795,0.0,0.0,0.8346456692913387,0.8843710292249047,0.8148148148148149,qsampled
0.7462686567164178,0.5719185423365487,0.65625,0.3686824785794115,0.6216216216216217,0.5119047619047619,0.7843447948027253,0.2978723404255319,0.7941176470588235,0.76041038020519,0.424474187380497,0.6153846153846154,qsampled
0.3880597014925373,0.5719185423365487,0.375,0.0,0.08108108108108114,0.5119047619047619,0.47758418167580274,0.0,0.7647058823529411,0.76041038020519,0.0,0.8461538461538461,qsampled
0.26865671641791034,0.5719185423365487,0.375,0.0,0.4054054054054055,0.5119047619047619,0.3883185840707962,0.0,0.11764705882352933,0.76041038020519,0.0,0.8461538461538461,qsampled
0.7462686567164178,0.0,0.0,0.3686824785794115,0.6216216216216217,0.0,0.0,0.2978723404255319,0.7941176470588235,0.0,0.16742493175614215,0.7407407407407407,qsampled
0.4626865671641791,0.45133776896942246,0.7230769230769231,0.5566560349169045,0.16216216216216228,0.0,0.0,0.38297872340425543,0.7941176470588235,0.7306763285024155,0.379032258064516,0.0,qsampled
0.0,0.0,0.9076923076923077,0.5868845455516395,0.0,0.7462686567164178,0.2414448669201522,0.38297872340425543,0.0,0.0,0.18360864040660718,0.8148148148148149,qsampled
0.3880597014925373,0.5719185423365487,0.375,0.0,0.08108108108108114,0.5119047619047619,0.47758418167580274,0.0,0.7647058823529411,0.76041038020519,0.0,0.8461538461538461,qsampled
0.26865671641791034,0.45133776896942246,0.7230769230769231,0.586969558009101,0.4054054054054055,0.0,0.0,0.38297872340425543,0.11764705882352933,0.7306763285024155,0.06613226452905785,0.0,qsampled
0.0,0.45133776896942246,0.265625,0.10046637473744169,0.0,0.5119047619047619,0.26212389380530954,0.38297872340425543,0.0,0.7306763285024155,0.22444889779559107,0.8461538461538461,qsampled
0.0,0.879957127545552,0.0,0.0,0.0,0.9285714285714286,0.0,0.0,0.0,0.7827398913699457,0.1518424396442184,0.07407407407407407,qsampled
0.4626865671641791,0.0,0.8,0.5566560349169045,0.16216216216216228,0.7462686567164178,0.26806083650190127,0.38297872340425543,0.7941176470588235,0.0,0.0,0.8148148148148149,qsampled
0.7727272727272727,0.7377706495589414,0.546875,0.4464653641207815,0.825,0.0,0.5564601769911504,0.6909090909090909,0.11764705882352933,0.717948717948718,0.8843710292249047,0.7407407407407407,qsampled
0.0,0.0,0.9076923076923077,0.5868845455516395,0.0,0.7462686567164178,0.2414448669201522,0.38297872340425543,0.0,0.0,0.18360864040660718,0.8148148148148149,qsampled
0.0,0.9838278535151029,0.546875,0.7459789240155297,0.0,0.9642857142857143,0.429250514973855,0.8727272727272728,0.7941176470588235,1.0,0.8589626933575978,0.07407407407407407,qsampled
0.7272727272727273,0.0,0.546875,0.023887079261672106,0.8,0.5119047619047619,0.5564601769911504,0.9818181818181818,0.0,0.0,0.7925851703406813,0.8461538461538461,qsampled
0.3880597014925373,0.0,0.7230769230769231,0.44914938532224025,0.08108108108108114,0.7462686567164178,0.1269205076820309,0.38297872340425543,0.7647058823529411,0.0,0.1518424396442184,0.8148148148148149,qsampled
0.4626865671641791,0.0,0.0,0.0,0.16216216216216228,0.0,0.0,0.0,0.7941176470588235,0.0,0.16666666666666652,0.07407407407407407,qsampled
0.4626865671641791,0.45133776896942246,0.7230769230769231,0.5566560349169045,0.16216216216216228,0.0,0.0,0.38297872340425543,0.7941176470588235,0.7306763285024155,0.379032258064516,0.0,qsampled
0.0,0.5719185423365487,0.375,0.0,0.0,0.5119047619047619,0.3883185840707962,0.0,0.0,0.76041038020519,0.0,0.8461538461538461,qsampled
0.0,0.5719185423365487,0.0,0.0,0.0,0.5119047619047619,0.0,0.0,0.0,0.76041038020519,0.06613226452905785,0.8461538461538461,qsampled
0.26865671641791034,0.0,0.0,0.0,0.4054054054054055,0.0,0.0,0.0,0.11764705882352933,0.0,0.1518424396442184,0.07407407407407407,qsampled
0.5909090909090909,1.0,0.0,0.0,0.575,1.0,0.0,0.0,0.7647058823529411,1.0,0.8843710292249047,0.8148148148148149,qsampled
0.7462686567164178,0.0,0.7230769230769231,0.44914938532224025,0.6216216216216217,0.7462686567164178,0.728448275862069,0.38297872340425543,0.7941176470588235,0.0,0.16742493175614215,0.8148148148148149,qsampled
0.3880597014925373,0.0,0.7230769230769231,0.44914938532224025,0.08108108108108114,0.7462686567164178,0.1269205076820309,0.38297872340425543,0.7647058823529411,0.0,0.1518424396442184,0.8148148148148149,qsampled
0.0,0.0,0.375,0.0,0.0,0.0,0.3883185840707962,0.0,0.0,0.0,0.0,0.07407407407407407,qsampled
0.3880597014925373,0.45133776896942246,0.265625,0.23519185396746578,0.08108108108108114,0.5119047619047619,0.34250195771339087,0.38297872340425543,0.7647058823529411,0.7306763285024155,0.22444889779559107,0.8461538461538461,qsampled
0.4626865671641791,0.0,0.375,0.4250881316098708,0.16216216216216228,0.0,0.3883185840707962,0.2978723404255319,0.7941176470588235,0.0,0.0,0.7407407407407407,qsampled
0.26865671641791034,0.0,1.0,0.586969558009101,0.4054054054054055,0.7462686567164178,0.8605830164765527,0.38297872340425543,0.11764705882352933,0.0,0.4142312579415499,0.8148148148148149,qsampled
0.3880597014925373,0.5719185423365487,0.375,0.0,0.08108108108108114,0.5119047619047619,0.47758418167580274,0.0,0.7647058823529411,0.76041038020519,0.0,0.8461538461538461,qsampled
0.4626865671641791,0.45133776896942246,0.7230769230769231,0.5566560349169045,0.16216216216216228,0.0,0.0,0.38297872340425543,0.7941176470588235,0.7306763285024155,0.379032258064516,0.0,qsampled
0.0,0.0,0.8,0.5868845455516395,0.0,0.7462686567164178,0.26806083650190127,0.38297872340425543,0.0,0.0,0.0,0.8148148148148149,qsampled
0.7727272727272727,0.0,0.546875,0.09413854351687412,0.825,0.5119047619047619,0.5564601769911504,0.9818181818181818,0.11764705882352933,0.0,0.7925851703406813,0.8461538461538461,qsampled
0.4626865671641791,0.45133776896942246,0.9076923076923077,0.5566560349169045,0.16216216216216228,0.0,0.2414448669201522,0.38297872340425543,0.7941176470588235,0.7306763285024155,0.6370967741935483,0.0,qsampled
0.4626865671641791,0.45133776896942246,0.7230769230769231,0.5566560349169045,0.16216216216216228,0.0,0.0,0.38297872340425543,0.7941176470588235,0.7306763285024155,0.379032258064516,0.0,qsampled
0.7727272727272727,0.0,0.546875,0.4464653641207815,0.825,0.5119047619047619,0.5564601769911504,0.6909090909090909,0.11764705882352933,0.0,0.7925851703406813,0.6153846153846154,qsampled
0.7727272727272727,0.0,0.546875,0.0,0.825,0.5119047619047619,0.5564601769911504,0.8727272727272728,0.11764705882352933,0.0,0.7925851703406813,0.8461538461538461,qsampled
0.7272727272727273,0.7975097700627102,0.0,0.28020267824828093,0.8,0.7462686567164178,0.004752851711026795,0.0,0.0,0.8346456692913387,0.8843710292249047,0.8148148148148149,qsampled
0.3880597014925373,0.0,0.8,0.44914938532224025,0.08108108108108114,0.7462686567164178,0.4914829659318639,0.38297872340425543,0.7647058823529411,0.0,0.0,0.8148148148148149,qsampled
0.0,0.5719185423365487,0.265625,0.42675068532165616,0.0,0.5119047619047619,0.26212389380530954,0.2978723404255319,0.0,0.76041038020519,0.22444889779559107,0.6153846153846154,qsampled
0.7727272727272727,0.7975097700627102,0.0,0.2860390763765541,0.825,0.7462686567164178,0.004752851711026795,0.0,0.11764705882352933,0.8346456692913387,0.8843710292249047,0.8148148148148149,qsampled
0.26865671641791034,0.5719185423365487,0.0,0.0,0.4054054054054055,0.5119047619047619,0.0,0.0,0.11764705882352933,0.76041038020519,0.06613226452905785,0.8461538461538461,qsampled
0.4626865671641791,0.5719185423365487,0.0,0.0,0.16216216216216228,0.5119047619047619,0.0,0.0,0.7941176470588235,0.76041038020519,0.379032258064516,0.8461538461538461,qsampled
0.26865671641791034,0.5719185423365487,0.265625,0.4589227133232212,0.4054054054054055,0.5119047619047619,0.26212389380530954,0.2978723404255319,0.11764705882352933,0.76041038020519,0.22444889779559107,0.6153846153846154,m2
0.26865671641791034,0.8810872027180068,0.265625,0.1346431972909098,0.4054054054054055,0.9285714285714286,0.26212389380530954,0.38297872340425543,0.11764705882352933,0.7826086956521738,0.18360864040660718,0.0,m2
0.0,0.0,0.265625,0.0,0.0,0.0,0.26212389380530954,0.0,0.0,0.0,0.18360864040660718,0.07407407407407407,m2
0.7272727272727273,0.7377706495589414,0.546875,0.0,0.8,0.0,0.5564601769911504,0.8727272727272728,0.0,0.717948717948718,0.8843710292249047,0.07407407407407407,m2
0.26865671641791034,0.0,0.375,0.1346431972909098,0.4054054054054055,0.0,0.3883185840707962,0.38297872340425543,0.11764705882352933,0.0,0.0,0.0,m2
0.0,0.0,0.0,0.42675068532165616,0.0,0.0,0.0,0.2978723404255319,0.0,0.0,0.1518424396442184,0.7407407407407407,m2
0.0,0.0,0.9076923076923077,0.5868845455516395,0.0,0.7462686567164178,0.2414448669201522,0.38297872340425543,0.0,0.0,0.18360864040660718,0.8148148148148149,m2
0.7727272727272727,0.7975097700627102,0.546875,0.14465145488800502,0.8,0.0,0.5564601769911504,0.9818181818181818,0.7941176470588235,0.8346456692913387,0.828125,0.0,m2
0.26865671641791034,0.45133776896942246,0.7230769230769231,0.586969558009101,0.4054054054054055,0.0,0.0,0.38297872340425543,0.11764705882352933,0.7306763285024155,0.06613226452905785,0.0,m2
0.26865671641791034,0.0,0.265625,0.1346431972909098,0.4054054054054055,0.0,0.26212389380530954,0.38297872340425543,0.11764705882352933,0.0,0.18360864040660718,0.0,m2
0.26865671641791034,0.5719185423365487,0.265625,0.4589227133232212,0.4054054054054055,0.5119047619047619,0.26212389380530954,0.2978723404255319,0.11764705882352933,0.76041038020519,0.22444889779559107,0.6153846153846154,m2
0.0,0.0,0.375,0.0,0.0,0.0,0.3883185840707962,0.0,0.0,0.0,0.0,0.07407407407407407,m2
0.0,0.9465166130760986,0.265625,0.0,0.0,0.9642857142857143,0.26212389380530954,0.0,0.0,0.8913699456849729,0.18360864040660718,0.07407407407407407,m2
0.7727272727272727,0.7377706495589414,0.546875,0.0,0.8,0.0,0.5564601769911504,0.8727272727272728,0.7941176470588235,0.717948717948718,0.828125,0.07407407407407407,m2
0.0,0.879957127545552,0.65625,0.42675068532165616,0.0,0.9285714285714286,0.8035398230088495,0.2978723404255319,0.0,0.7827398913699457,0.4142312579415499,0.7407407407407407,m2
0.26865671641791034,0.0,0.265625,0.1346431972909098,0.4054054054054055,0.0,0.26212389380530954,0.38297872340425543,0.11764705882352933,0.0,0.18360864040660718,0.0,m2
0.0,0.45133776896942246,0.375,0.10046637473744169,0.0,0.5119047619047619,0.3883185840707962,0.38297872340425543,0.0,0.7306763285024155,0.0,0.8461538461538461,m2
0.0,0.9465166130760986,0.375,0.0,0.0,0.9642857142857143,0.3883185840707962,0.0,0.0,0.8913699456849729,0.0,0.07407407407407407,m2
0.0,0.45133776896942246,0.265625,0.10046637473744169,0.0,0.5119047619047619,0.26212389380530954,0.38297872340425543,0.0,0.7306763285024155,0.22444889779559107,0.8461538461538461,m2
0.0,0.0,0.375,0.10046637473744169,0.0,0.0,0.3883185840707962,0.38297872340425543,0.0,0.0,0.0,0.0,m2
0.4626865671641791,0.0,0.375,0.16258183649488,0.16216216216216228,0.0,0.3883185840707962,0.38297872340425543,0.7941176470588235,0.0,0.0,0.0,m2
0.0,0.0,0.375,0.42675068532165616,0.0,0.0,0.3883185840707962,0.2978723404255319,0.0,0.0,0.0,0.7407407407407407,m2
0.26865671641791034,0.0,0.9076923076923077,0.586969558009101,0.4054054054054055,0.7462686567164178,0.2414448669201522,0.38297872340425543,0.11764705882352933,0.0,0.18360864040660718,0.8148148148148149,m2
0.7272727272727273,0.9838278535151029,0.546875,0.3808179515019906,0.8,0.9642857142857143,0.5564601769911504,0.6909090909090909,0.0,1.0,0.8843710292249047,0.7407407407407407,m2
0.0,0.9465166130760986,0.65625,0.0,0.0,0.9642857142857143,0.8035398230088495,0.0,0.0,0.8913699456849729,0.4142312579415499,0.07407407407407407,m2
0.0,0.7975097700627102,0.0,0.0,0.0,0.7462686567164178,0.0,0.0,0.7941176470588235,0.8346456692913387,0.8589626933575978,0.8148148148148149,m2
0.7727272727272727,0.0,0.546875,0.4464653641207815,0.825,0.5119047619047619,0.5564601769911504,0.6909090909090909,0.11764705882352933,0.0,0.7925851703406813,0.6153846153846154,m2
0.7462686567164178,0.0,0.65625,0.3686824785794115,0.6216216216216217,0.0,0.7843447948027253,0.2978723404255319,0.7941176470588235,0.0,0.415832575068244,0.7407407407407407,m2
0.26865671641791034,0.0,0.0,0.1346431972909098,0.4054054054054055,0.0,0.0,0.38297872340425543,0.11764705882352933,0.0,0.1518424396442184,0.0,m2
0.26865671641791034,0.947975651189128,0.0,0.1346431972909098,0.4054054054054055,0.9642857142857143,0.0,0.38297872340425543,0.11764705882352933,0.8913043478260869,0.1518424396442184,0.0,m2
0.7727272727272727,0.0,0.546875,0.14465145488800502,0.8,0.5119047619047619,0.5564601769911504,0.9818181818181818,0.7941176470588235,0.0,0.0,0.8461538461538461,m2
0.0,0.45133776896942246,0.7230769230769231,0.5868845455516395,0.0,0.0,0.0,0.38297872340425543,0.0,0.7306763285024155,0.06613226452905785,0.0,m2
0.3880597014925373,0.0,0.0,0.0,0.08108108108108114,0.0,0.0,0.0,0.7647058823529411,0.0,0.1518424396442184,0.07407407407407407,m2
0.7462686567164178,0.0,0.0,0.0,0.6216216216216217,0.0,0.0,0.0,0.7941176470588235,0.0,0.16742493175614215,0.07407407407407407,m2
0.7272727272727273,0.7377706495589414,0.546875,0.0,0.8,0.0,0.5564601769911504,0.8727272727272728,0.0,0.717948717948718,0.8843710292249047,0.07407407407407407,m2
0.3880597014925373,0.0,1.0,0.44914938532224025,0.08108108108108114,0.7462686567164178,0.9156646626586507,0.38297872340425543,0.7647058823529411,0.0,0.4142312579415499,0.8148148148148149,m2
0.3880597014925373,0.0,0.265625,0.0,0.08108108108108114,0.0,0.34250195771339087,0.0,0.7647058823529411,0.0,0.18360864040660718,0.07407407407407407,m2
0.0,0.5719185423365487,0.375,0.0,0.0,0.5119047619047619,0.3883185840707962,0.0,0.0,0.76041038020519,0.0,0.8461538461538461,m2
0.3880597014925373,0.0,0.0,0.23519185396746578,0.08108108108108114,0.0,0.0,0.38297872340425543,0.7647058823529411,0.0,0.1518424396442184,0.0,m2
0.0,1.0,0.0,0.0,0.0,1.0,0.0,0.0,0.7941176470588235,1.0,0.8589626933575978,0.8148148148148149,m2
0.26865671641791034,0.0,0.265625,0.4589227133232212,0.4054054054054055,0.0,0.26212389380530954,0.2978723404255319,0.11764705882352933,0.0,0.18360864040660718,0.7407407407407407,m2
0.7727272727272727,1.0,0.546875,0.0,0.825,0.9285714285714286,0.5564601769911504,0.8727272727272728,0.11764705882352933,1.0,0.8843710292249047,0.07407407407407407,m2
0.7727272727272727,0.7975097700627102,0.546875,0.14465145488800502,0.8,0.0,0.5564601769911504,0.9818181818181818,0.7941176470588235,0.8346456692913387,0.828125,0.0,m2
0.5909090909090909,0.7975097700627102,0.0,0.0,0.575,0.7462686567164178,0.0,0.0,0.7647058823529411,0.8346456692913387,0.8843710292249047,0.8148148148148149,m2
0.0,0.0,0.65625,0.0,0.0,0.0,0.8035398230088495,0.0,0.0,0.0,0.4142312579415499,0.07407407407407407,m2
0.26865671641791034,0.45133776896942246,0.0,0.1346431972909098,0.4054054054054055,0.5119047619047619,0.0,0.38297872340425543,0.11764705882352933,0.7306763285024155,0.06613226452905785,0.8461538461538461,m2
0.26865671641791034,0.0,0.265625,0.0,0.4054054054054055,0.0,0.26212389380530954,0.0,0.11764705882352933,0.0,0.18360864040660718,0.07407407407407407,m2
0.0,0.9914568753976188,0.0,0.0,0.0,1.0,0.0,0.0,0.7941176470588235,1.0,0.8589626933575978,0.8148148148148149,m2
0.0,0.0,0.0,0.0,0.0,0.0,0.0,0.0,0.0,0.0,0.1518424396442184,0.07407407407407407,m2
0.7462686567164178,0.5719185423365487,0.265625,0.0,0.6216216216216217,0.5119047619047619,0.3809221993344952,0.0,0.7941176470588235,0.76041038020519,0.2160611854684512,0.8461538461538461,m2
0.7727272727272727,0.0,0.546875,0.4464653641207815,0.825,0.5119047619047619,0.5564601769911504,0.6909090909090909,0.11764705882352933,0.0,0.7925851703406813,0.6153846153846154,m2
0.26865671641791034,0.0,0.0,0.1346431972909098,0.4054054054054055,0.0,0.0,0.38297872340425543,0.11764705882352933,0.0,0.1518424396442184,0.0,m2
0.4626865671641791,0.8810872027180068,0.265625,0.16258183649488,0.16216216216216228,0.9285714285714286,0.26212389380530954,0.38297872340425543,0.7941176470588235,0.7826086956521738,0.03472222222222199,0.0,m2
0.7462686567164178,0.0,0.0,0.0,0.6216216216216217,0.0,0.0,0.0,0.7941176470588235,0.0,0.16742493175614215,0.07407407407407407,m2
0.3880597014925373,0.879957127545552,0.265625,0.3686824785794115,0.08108108108108114,0.9285714285714286,0.34250195771339087,0.2978723404255319,0.7647058823529411,0.7827398913699457,0.18360864040660718,0.7407407407407407,m2
0.26865671641791034,0.0,0.265625,0.1346431972909098,0.4054054054054055,0.0,0.26212389380530954,0.38297872340425543,0.11764705882352933,0.0,0.18360864040660718,0.0,m2
0.0,0.0,0.65625,0.10046637473744169,0.0,0.0,0.8035398230088495,0.38297872340425543,0.0,0.0,0.4142312579415499,0.0,m2
0.7272727272727273,0.7377706495589414,0.546875,0.3808179515019906,0.8,0.0,0.5564601769911504,0.6909090909090909,0.0,0.717948717948718,0.8843710292249047,0.7407407407407407,m2
0.7272727272727273,0.7975097700627102,0.546875,0.023887079261672106,0.8,0.0,0.5564601769911504,0.9818181818181818,0.0,0.8346456692913387,0.8843710292249047,0.0,m2
0.7462686567164178,0.0,0.375,0.23519185396746578,0.6216216216216217,0.0,0.4904135636190776,0.38297872340425543,0.7941176470588235,0.0,0.0,0.0,m2
0.26865671641791034,0.5719185423365487,0.0,0.0,0.4054054054054055,0.5119047619047619,0.0,0.0,0.11764705882352933,0.76041038020519,0.06613226452905785,0.8461538461538461,m2
0.0,0.0,0.375,0.0,0.0,0.0,0.3883185840707962,0.0,0.0,0.0,0.0,0.07407407407407407,m2
0.3880597014925373,0.0,0.65625,0.0,0.08108108108108114,0.0,0.8194009397024276,0.0,0.7647058823529411,0.0,0.4142312579415499,0.07407407407407407,m2
0.7727272727272727,0.0,0.0,0.2860390763765541,0.825,0.0,0.004752851711026795,0.0,0.11764705882352933,0.0,0.7925851703406813,0.0,m2
0.7272727272727273,1.0,0.546875,0.0,0.8,0.9285714285714286,0.5564601769911504,0.8727272727272728,0.0,1.0,0.8843710292249047,0.07407407407407407,m2
0.7272727272727273,0.0,0.546875,0.023887079261672106,0.8,0.5119047619047619,0.5564601769911504,0.9818181818181818,0.0,0.0,0.7925851703406813,0.8461538461538461,m2
0.4626865671641791,0.0,0.375,0.16258183649488,0.16216216216216228,0.0,0.3883185840707962,0.38297872340425543,0.7941176470588235,0.0,0.0,0.0,m2
0.3880597014925373,0.0,0.0,0.23519185396746578,0.08108108108108114,0.0,0.0,0.38297872340425543,0.7647058823529411,0.0,0.1518424396442184,0.0,m2
0.3880597014925373,0.5719185423365487,0.65625,0.0,0.08108108108108114,0.5119047619047619,0.8194009397024276,0.0,0.7647058823529411,0.76041038020519,0.4178356713426854,0.8461538461538461,m2
0.0,0.879957127545552,0.0,0.0,0.0,0.9285714285714286,0.0,0.0,0.0,0.7827398913699457,0.1518424396442184,0.07407407407407407,m2
0.26865671641791034,0.0,0.375,0.1346431972909098,0.4054054054054055,0.0,0.3883185840707962,0.38297872340425543,0.11764705882352933,0.0,0.0,0.0,m2
0.7462686567164178,0.0,0.0,0.23519185396746578,0.6216216216216217,0.0,0.0,0.38297872340425543,0.7941176470588235,0.0,0.16742493175614215,0.0,m2
0.5909090909090909,0.7975097700627102,0.546875,0.9256794231835829,0.575,0.0,0.538175411119812,0.9818181818181818,0.7647058823529411,0.8346456692913387,0.8843710292249047,0.0,m2
0.4626865671641791,0.0,0.265625,0.16258183649488,0.16216216216216228,0.0,0.26212389380530954,0.38297872340425543,0.7941176470588235,0.0,0.03472222222222199,0.0,m2
0.26865671641791034,0.0,0.65625,0.1346431972909098,0.4054054054054055,0.0,0.8035398230088495,0.38297872340425543,0.11764705882352933,0.0,0.4142312579415499,0.0,m2
0.26865671641791034,0.0,0.375,0.0,0.4054054054054055,0.0,0.3883185840707962,0.0,0.11764705882352933,0.0,0.0,0.07407407407407407,m2
0.3880597014925373,0.0,0.375,0.0,0.08108108108108114,0.0,0.47758418167580274,0.0,0.7647058823529411,0.0,0.0,0.07407407407407407,m2
0.0,0.947975651189128,0.0,0.10046637473744169,0.0,0.9642857142857143,0.0,0.38297872340425543,0.0,0.8913043478260869,0.1518424396442184,0.0,m2
0.0,0.0,0.65625,0.10046637473744169,0.0,0.0,0.8035398230088495,0.38297872340425543,0.0,0.0,0.4142312579415499,0.0,m2
0.7727272727272727,0.0,0.0,0.0680343311701902,0.8,0.0,0.004752851711026795,0.0,0.7941176470588235,0.0,0.0,0.0,m2
0.26865671641791034,0.0,0.65625,0.1346431972909098,0.4054054054054055,0.0,0.8035398230088495,0.38297872340425543,0.11764705882352933,0.0,0.4142312579415499,0.0,m2
0.7272727272727273,0.0,0.546875,0.0,0.8,0.5119047619047619,0.5564601769911504,0.8727272727272728,0.0,0.0,0.7925851703406813,0.8461538461538461,m2
0.0,0.0,0.8,0.5868845455516395,0.0,0.7462686567164178,0.26806083650190127,0.38297872340425543,0.0,0.0,0.0,0.8148148148148149,m2
0.7272727272727273,0.0,0.546875,0.023887079261672106,0.8,0.5119047619047619,0.5564601769911504,0.9818181818181818,0.0,0.0,0.7925851703406813,0.8461538461538461,m2
0.7462686567164178,0.0,0.265625,0.0,0.6216216216216217,0.0,0.3809221993344952,0.0,0.7941176470588235,0.0,0.16196542311191997,0.07407407407407407,m2
0.7727272727272727,0.7975097700627102,0.546875,0.09413854351687412,0.825,0.0,0.5564601769911504,0.9818181818181818,0.11764705882352933,0.8346456692913387,0.8843710292249047,0.0,m2
0.26865671641791034,0.45133776896942246,0.0,0.1346431972909098,0.4054054054054055,0.5119047619047619,0.0,0.38297872340425543,0.11764705882352933,0.7306763285024155,0.06613226452905785,0.8461538461538461,m2
0.0,0.5719185423365487,0.65625,0.0,0.0,0.5119047619047619,0.8035398230088495,0.0,0.0,0.76041038020519,0.4178356713426854,0.8461538461538461,m2
0.0,0.5719185423365487,0.0,0.0,0.0,0.5119047619047619,0.0,0.0,0.0,0.76041038020519,0.06613226452905785,0.8461538461538461,m2
0.26865671641791034,0.0,0.375,0.1346431972909098,0.4054054054054055,0.0,0.3883185840707962,0.38297872340425543,0.11764705882352933,0.0,0.0,0.0,m2
0.0,0.0,0.8,0.5868845455516395,0.0,0.7462686567164178,0.26806083650190127,0.38297872340425543,0.0,0.0,0.0,0.8148148148148149,m2
0.7272727272727273,0.7377706495589414,0.546875,0.3808179515019906,0.8,0.0,0.5564601769911504,0.6909090909090909,0.0,0.717948717948718,0.8843710292249047,0.7407407407407407,m2
0.26865671641791034,0.0,0.0,0.1346431972909098,0.4054054054054055,0.0,0.0,0.38297872340425543,0.11764705882352933,0.0,0.1518424396442184,0.0,m2
0.7727272727272727,0.0,0.546875,0.4464653641207815,0.825,0.5119047619047619,0.5564601769911504,0.6909090909090909,0.11764705882352933,0.0,0.7925851703406813,0.6153846153846154,m2
0.0,0.5719185423365487,0.265625,0.0,0.0,0.5119047619047619,0.26212389380530954,0.0,0.0,0.76041038020519,0.22444889779559107,0.8461538461538461,m2
0.0,0.0,0.375,0.42675068532165616,0.0,0.0,0.3883185840707962,0.2978723404255319,0.0,0.0,0.0,0.7407407407407407,m2
0.7272727272727273,0.0,0.546875,0.023887079261672106,0.8,0.5119047619047619,0.5564601769911504,0.9818181818181818,0.0,0.0,0.7925851703406813,0.8461538461538461,m2
0.0,0.8810872027180068,0.0,0.10046637473744169,0.0,0.9285714285714286,0.0,0.38297872340425543,0.0,0.7826086956521738,0.1518424396442184,0.0,m2
0.26865671641791034,0.0,0.0,0.4589227133232212,0.4054054054054055,0.0,0.0,0.2978723404255319,0.11764705882352933,0.0,0.1518424396442184,0.7407407407407407,m2
0.0,0.5719185423365487,0.0,0.42675068532165616,0.0,0.5119047619047619,0.0,0.2978723404255319,0.0,0.76041038020519,0.06613226452905785,0.6153846153846154,m2
0.7462686567164178,0.8810872027180068,0.9076923076923077,0.44914938532224025,0.6216216216216217,1.0,0.9267241379310345,0.38297872340425543,0.7941176470588235,0.7826086956521738,0.16196542311191997,0.8148148148148149,runif
0.3880597014925373,0.5719185423365487,0.265625,0.0,0.08108108108108114,0.5119047619047619,0.34250195771339087,0.0,0.7647058823529411,0.76041038020519,0.22444889779559107,0.8461538461538461,runif
0.4626865671641791,0.5719185423365487,0.65625,0.4250881316098708,0.16216216216216228,0.5119047619047619,0.8035398230088495,0.2978723404255319,0.7941176470588235,0.76041038020519,0.8870967741935484,0.6153846153846154,runif
0.3880597014925373,0.8810872027180068,0.7230769230769231,0.44914938532224025,0.08108108108108114,1.0,0.1269205076820309,0.38297872340425543,0.7647058823529411,0.7826086956521738,0.1518424396442184,0.8148148148148149,runif
0.7462686567164178,0.8810872027180068,0.7230769230769231,0.44914938532224025,0.6216216216216217,1.0,0.728448275862069,0.38297872340425543,0.7941176470588235,0.7826086956521738,0.16742493175614215,0.8148148148148149,runif
0.4626865671641791,0.8810872027180068,0.265625,0.16258183649488,0.16216216216216228,0.9285714285714286,0.26212389380530954,0.38297872340425543,0.7941176470588235,0.7826086956521738,0.03472222222222199,0.0,runif
0.3880597014925373,0.9465166130760986,0.65625,0.3686824785794115,0.08108108108108114,0.9642857142857143,0.8194009397024276,0.2978723404255319,0.7647058823529411,0.8913699456849729,0.4142312579415499,0.7407407407407407,runif
0.7462686567164178,0.947975651189128,0.265625,0.23519185396746578,0.6216216216216217,0.9642857142857143,0.3809221993344952,0.38297872340425543,0.7941176470588235,0.8913043478260869,0.16196542311191997,0.0,runif
0.0,0.0,0.65625,0.42675068532165616,0.0,0.0,0.8035398230088495,0.2978723404255319,0.0,0.0,0.4142312579415499,0.7407407407407407,runif
0.26865671641791034,0.947975651189128,0.65625,0.1346431972909098,0.4054054054054055,0.9642857142857143,0.8035398230088495,0.38297872340425543,0.11764705882352933,0.8913043478260869,0.4142312579415499,0.0,runif
0.4626865671641791,0.879957127545552,0.375,0.4250881316098708,0.16216216216216228,0.9285714285714286,0.3883185840707962,0.2978723404255319,0.7941176470588235,0.7827398913699457,0.0,0.7407407407407407,runif
0.4626865671641791,0.5719185423365487,0.265625,0.4250881316098708,0.16216216216216228,0.5119047619047619,0.26212389380530954,0.2978723404255319,0.7941176470588235,0.76041038020519,0.6370967741935483,0.6153846153846154,runif
0.7272727272727273,0.0,0.0,0.28020267824828093,0.8,0.0,0.004752851711026795,0.0,0.0,0.0,0.7925851703406813,0.0,runif
0.0,0.9465166130760986,0.65625,0.42675068532165616,0.0,0.9642857142857143,0.8035398230088495,0.2978723404255319,0.0,0.8913699456849729,0.4142312579415499,0.7407407407407407,runif
0.7462686567164178,0.0,0.7230769230769231,0.44914938532224025,0.6216216216216217,0.7462686567164178,0.728448275862069,0.38297872340425543,0.7941176470588235,0.0,0.16742493175614215,0.8148148148148149,runif
0.3880597014925373,0.5719185423365487,0.65625,0.0,0.08108108108108114,0.5119047619047619,0.8194009397024276,0.0,0.7647058823529411,0.76041038020519,0.4178356713426854,0.8461538461538461,runif
0.7462686567164178,0.5719185423365487,0.0,0.3686824785794115,0.6216216216216217,0.5119047619047619,0.0,0.2978723404255319,0.7941176470588235,0.76041038020519,0.021032504780114647,0.6153846153846154,runif
0.0,0.8810872027180068,0.265625,0.10046637473744169,0.0,0.9285714285714286,0.26212389380530954,0.38297872340425543,0.0,0.7826086956521738,0.18360864040660718,0.0,runif
0.7462686567164178,0.947975651189128,0.65625,0.23519185396746578,0.6216216216216217,0.9642857142857143,0.7843447948027253,0.38297872340425543,0.7941176470588235,0.8913043478260869,0.415832575068244,0.0,runif
0.7462686567164178,0.947975651189128,1.0,0.44914938532224025,0.6216216216216217,1.0,0.9956896551724138,0.38297872340425543,0.7941176470588235,0.8913043478260869,0.415832575068244,0.8148148148148149,runif
0.3880597014925373,0.5719185423365487,0.65625,0.3686824785794115,0.08108108108108114,0.5119047619047619,0.8194009397024276,0.2978723404255319,0.7647058823529411,0.76041038020519,0.4178356713426854,0.6153846153846154,runif
0.26865671641791034,0.9465166130760986,0.375,0.0,0.4054054054054055,0.9642857142857143,0.3883185840707962,0.0,0.11764705882352933,0.8913699456849729,0.0,0.07407407407407407,runif
0.4626865671641791,0.45133776896942246,0.375,0.16258183649488,0.16216216216216228,0.5119047619047619,0.3883185840707962,0.38297872340425543,0.7941176470588235,0.7306763285024155,1.0,0.8461538461538461,runif
0.7727272727272727,0.0,0.546875,0.4464653641207815,0.825,0.5119047619047619,0.5564601769911504,0.6909090909090909,0.11764705882352933,0.0,0.7925851703406813,0.6153846153846154,runif
0.7727272727272727,0.0,0.546875,0.0,0.825,0.5119047619047619,0.5564601769911504,0.8727272727272728,0.11764705882352933,0.0,0.7925851703406813,0.8461538461538461,runif
0.7462686567164178,0.5719185423365487,0.265625,0.3686824785794115,0.6216216216216217,0.5119047619047619,0.3809221993344952,0.2978723404255319,0.7941176470588235,0.76041038020519,0.2160611854684512,0.6153846153846154,runif
0.4626865671641791,0.0,0.65625,0.16258183649488,0.16216216216216228,0.0,0.8035398230088495,0.38297872340425543,0.7941176470588235,0.0,0.38368055555555547,0.0,runif
0.0,0.0,0.546875,0.7459789240155297,0.0,0.5119047619047619,0.429250514973855,0.8727272727272728,0.7941176470588235,0.0,0.6558317399617591,0.8461538461538461,runif
0.4626865671641791,0.5719185423365487,0.0,0.0,0.16216216216216228,0.5119047619047619,0.0,0.0,0.7941176470588235,0.76041038020519,0.379032258064516,0.8461538461538461,runif
0.3880597014925373,0.9465166130760986,0.0,0.0,0.08108108108108114,0.9642857142857143,0.0,0.0,0.7647058823529411,0.8913699456849729,0.1518424396442184,0.07407407407407407,runif
0.7727272727272727,0.0,0.0,0.0680343311701902,0.8,0.0,0.004752851711026795,0.0,0.7941176470588235,0.0,0.0,0.0,runif
0.7727272727272727,0.7377706495589414,0.546875,0.0,0.825,0.0,0.5564601769911504,0.8727272727272728,0.11764705882352933,0.717948717948718,0.8843710292249047,0.07407407407407407,runif
0.0,0.8810872027180068,0.9076923076923077,0.5868845455516395,0.0,1.0,0.2414448669201522,0.38297872340425543,0.0,0.7826086956521738,0.18360864040660718,0.8148148148148149,runif
0.0,0.0,0.0,0.0,0.0,0.0,0.0,0.0,0.0,0.0,0.1518424396442184,0.07407407407407407,runif
0.4626865671641791,0.9465166130760986,0.375,0.4250881316098708,0.16216216216216228,0.9642857142857143,0.3883185840707962,0.2978723404255319,0.7941176470588235,0.8913699456849729,0.0,0.7407407407407407,runif
0.26865671641791034,0.947975651189128,0.9076923076923077,0.586969558009101,0.4054054054054055,1.0,0.2414448669201522,0.38297872340425543,0.11764705882352933,0.8913043478260869,0.18360864040660718,0.8148148148148149,runif
0.4626865671641791,0.0,1.0,0.5566560349169045,0.16216216216216228,0.7462686567164178,0.8605830164765527,0.38297872340425543,0.7941176470588235,0.0,0.38368055555555547,0.8148148148148149,runif
0.4626865671641791,0.45133776896942246,0.7230769230769231,0.5566560349169045,0.16216216216216228,0.0,0.0,0.38297872340425543,0.7941176470588235,0.7306763285024155,0.379032258064516,0.0,runif
0.0,0.947975651189128,0.7230769230769231,0.5868845455516395,0.0,1.0,0.0,0.38297872340425543,0.0,0.8913043478260869,0.1518424396442184,0.8148148148148149,runif
0.26865671641791034,0.947975651189128,0.9076923076923077,0.586969558009101,0.4054054054054055,1.0,0.2414448669201522,0.38297872340425543,0.11764705882352933,0.8913043478260869,0.18360864040660718,0.8148148148148149,runif
0.0,0.0,0.265625,0.42675068532165616,0.0,0.0,0.26212389380530954,0.2978723404255319,0.0,0.0,0.18360864040660718,0.7407407407407407,runif
0.3880597014925373,0.0,0.0,0.3686824785794115,0.08108108108108114,0.0,0.0,0.2978723404255319,0.7647058823529411,0.0,0.1518424396442184,0.7407407407407407,runif
0.7272727272727273,0.7975097700627102,0.0,0.28020267824828093,0.8,0.7462686567164178,0.004752851711026795,0.0,0.0,0.8346456692913387,0.8843710292249047,0.8148148148148149,runif
0.3880597014925373,0.8810872027180068,1.0,0.44914938532224025,0.08108108108108114,1.0,0.9156646626586507,0.38297872340425543,0.7647058823529411,0.7826086956521738,0.4142312579415499,0.8148148148148149,runif
0.4626865671641791,0.0,0.265625,0.4250881316098708,0.16216216216216228,0.0,0.26212389380530954,0.2978723404255319,0.7941176470588235,0.0,0.03472222222222199,0.7407407407407407,runif
0.7727272727272727,0.0,0.0,0.0680343311701902,0.8,0.0,0.004752851711026795,0.0,0.7941176470588235,0.0,0.0,0.0,runif
0.0,1.0,0.546875,0.6367165834719911,0.0,0.9285714285714286,0.429250514973855,0.6909090909090909,0.7941176470588235,1.0,0.8589626933575978,0.7407407407407407,runif
0.5909090909090909,0.7377706495589414,0.546875,0.6367165834719911,0.575,0.0,0.538175411119812,0.6909090909090909,0.7647058823529411,0.717948717948718,0.8843710292249047,0.7407407407407407,runif
0.7462686567164178,0.5719185423365487,0.65625,0.0,0.6216216216216217,0.5119047619047619,0.7843447948027253,0.0,0.7941176470588235,0.76041038020519,0.424474187380497,0.8461538461538461,runif
0.26865671641791034,0.947975651189128,0.0,0.1346431972909098,0.4054054054054055,0.9642857142857143,0.0,0.38297872340425543,0.11764705882352933,0.8913043478260869,0.1518424396442184,0.0,runif
0.7462686567164178,0.879957127545552,0.265625,0.3686824785794115,0.6216216216216217,0.9285714285714286,0.3809221993344952,0.2978723404255319,0.7941176470588235,0.7827398913699457,0.16196542311191997,0.7407407407407407,runif
0.26865671641791034,0.947975651189128,0.7230769230769231,0.586969558009101,0.4054054054054055,1.0,0.0,0.38297872340425543,0.11764705882352933,0.8913043478260869,0.1518424396442184,0.8148148148148149,runif
0.26865671641791034,0.45133776896942246,0.265625,0.1346431972909098,0.4054054054054055,0.5119047619047619,0.26212389380530954,0.38297872340425543,0.11764705882352933,0.7306763285024155,0.22444889779559107,0.8461538461538461,runif
0.7272727272727273,0.9914568753976188,0.0,0.28020267824828093,0.8,1.0,0.004752851711026795,0.0,0.0,1.0,0.8843710292249047,0.8148148148148149,runif
0.3880597014925373,0.45133776896942246,0.375,0.23519185396746578,0.08108108108108114,0.5119047619047619,0.47758418167580274,0.38297872340425543,0.7647058823529411,0.7306763285024155,0.0,0.8461538461538461,runif
0.26865671641791034,0.8810872027180068,0.7230769230769231,0.586969558009101,0.4054054054054055,1.0,0.0,0.38297872340425543,0.11764705882352933,0.7826086956521738,0.1518424396442184,0.8148148148148149,runif
0.4626865671641791,0.5719185423365487,0.65625,0.4250881316098708,0.16216216216216228,0.5119047619047619,0.8035398230088495,0.2978723404255319,0.7941176470588235,0.76041038020519,0.8870967741935484,0.6153846153846154,runif
0.0,0.9914568753976188,0.546875,0.9256794231835829,0.0,0.9642857142857143,0.429250514973855,0.9818181818181818,0.7941176470588235,1.0,0.8589626933575978,0.0,runif
0.7462686567164178,0.947975651189128,0.9076923076923077,0.44914938532224025,0.6216216216216217,1.0,0.9267241379310345,0.38297872340425543,0.7941176470588235,0.8913043478260869,0.16196542311191997,0.8148148148148149,runif
0.7462686567164178,0.947975651189128,0.9076923076923077,0.44914938532224025,0.6216216216216217,1.0,0.9267241379310345,0.38297872340425543,0.7941176470588235,0.8913043478260869,0.16196542311191997,0.8148148148148149,runif
0.7462686567164178,0.45133776896942246,1.0,0.44914938532224025,0.6216216216216217,0.0,0.9956896551724138,0.38297872340425543,0.7941176470588235,0.7306763285024155,0.424474187380497,0.0,runif
0.0,0.0,0.375,0.0,0.0,0.0,0.3883185840707962,0.0,0.0,0.0,0.0,0.07407407407407407,runif
0.26865671641791034,0.8810872027180068,0.8,0.586969558009101,0.4054054054054055,1.0,0.26806083650190127,0.38297872340425543,0.11764705882352933,0.7826086956521738,0.0,0.8148148148148149,runif
0.26865671641791034,0.8810872027180068,0.65625,0.1346431972909098,0.4054054054054055,0.9285714285714286,0.8035398230088495,0.38297872340425543,0.11764705882352933,0.7826086956521738,0.4142312579415499,0.0,runif
0.0,0.45133776896942246,0.265625,0.10046637473744169,0.0,0.5119047619047619,0.26212389380530954,0.38297872340425543,0.0,0.7306763285024155,0.22444889779559107,0.8461538461538461,runif
0.0,0.45133776896942246,0.9076923076923077,0.5868845455516395,0.0,0.0,0.2414448669201522,0.38297872340425543,0.0,0.7306763285024155,0.22444889779559107,0.0,runif
0.7462686567164178,0.45133776896942246,0.375,0.23519185396746578,0.6216216216216217,0.5119047619047619,0.4904135636190776,0.38297872340425543,0.7941176470588235,0.7306763285024155,0.0,0.8461538461538461,runif
0.3880597014925373,0.9465166130760986,0.265625,0.3686824785794115,0.08108108108108114,0.9642857142857143,0.34250195771339087,0.2978723404255319,0.7647058823529411,0.8913699456849729,0.18360864040660718,0.7407407407407407,runif
0.3880597014925373,0.947975651189128,0.7230769230769231,0.44914938532224025,0.08108108108108114,1.0,0.1269205076820309,0.38297872340425543,0.7647058823529411,0.8913043478260869,0.1518424396442184,0.8148148148148149,runif
0.3880597014925373,0.947975651189128,0.8,0.44914938532224025,0.08108108108108114,1.0,0.4914829659318639,0.38297872340425543,0.7647058823529411,0.8913043478260869,0.0,0.8148148148148149,runif
0.0,0.45133776896942246,0.265625,0.10046637473744169,0.0,0.5119047619047619,0.26212389380530954,0.38297872340425543,0.0,0.7306763285024155,0.22444889779559107,0.8461538461538461,runif
0.4626865671641791,0.0,0.265625,0.4250881316098708,0.16216216216216228,0.0,0.26212389380530954,0.2978723404255319,0.7941176470588235,0.0,0.03472222222222199,0.7407407407407407,runif
0.0,0.879957127545552,0.375,0.0,0.0,0.9285714285714286,0.3883185840707962,0.0,0.0,0.7827398913699457,0.0,0.07407407407407407,runif
0.4626865671641791,0.9465166130760986,0.65625,0.0,0.16216216216216228,0.9642857142857143,0.8035398230088495,0.0,0.7941176470588235,0.8913699456849729,0.38368055555555547,0.07407407407407407,runif
0.3880597014925373,0.5719185423365487,0.65625,0.0,0.08108108108108114,0.5119047619047619,0.8194009397024276,0.0,0.7647058823529411,0.76041038020519,0.4178356713426854,0.8461538461538461,runif
0.0,0.0,0.265625,0.0,0.0,0.0,0.26212389380530954,0.0,0.0,0.0,0.18360864040660718,0.07407407407407407,runif
0.0,0.0,1.0,0.5868845455516395,0.0,0.7462686567164178,0.8605830164765527,0.38297872340425543,0.0,0.0,0.4142312579415499,0.8148148148148149,runif
0.0,0.8810872027180068,0.0,0.10046637473744169,0.0,0.9285714285714286,0.0,0.38297872340425543,0.0,0.7826086956521738,0.1518424396442184,0.0,runif
0.5909090909090909,1.0,0.546875,0.9256794231835829,0.575,0.9285714285714286,0.538175411119812,0.9818181818181818,0.7647058823529411,1.0,0.8843710292249047,0.0,runif
0.3880597014925373,0.8810872027180068,0.7230769230769231,0.44914938532224025,0.08108108108108114,1.0,0.1269205076820309,0.38297872340425543,0.7647058823529411,0.7826086956521738,0.1518424396442184,0.8148148148148149,runif
0.4626865671641791,0.947975651189128,0.375,0.16258183649488,0.16216216216216228,0.9642857142857143,0.3883185840707962,0.38297872340425543,0.7941176470588235,0.8913043478260869,0.0,0.0,runif
0.26865671641791034,0.5719185423365487,0.265625,0.0,0.4054054054054055,0.5119047619047619,0.26212389380530954,0.0,0.11764705882352933,0.76041038020519,0.22444889779559107,0.8461538461538461,runif
0.5909090909090909,0.9838278535151029,0.546875,0.6367165834719911,0.575,0.9642857142857143,0.538175411119812,0.6909090909090909,0.7647058823529411,1.0,0.8843710292249047,0.7407407407407407,runif
0.3880597014925373,0.45133776896942246,0.0,0.23519185396746578,0.08108108108108114,0.5119047619047619,0.0,0.38297872340425543,0.7647058823529411,0.7306763285024155,0.06613226452905785,0.8461538461538461,runif
0.26865671641791034,0.9465166130760986,0.375,0.0,0.4054054054054055,0.9642857142857143,0.3883185840707962,0.0,0.11764705882352933,0.8913699456849729,0.0,0.07407407407407407,runif
0.7727272727272727,1.0,0.0,0.2860390763765541,0.825,1.0,0.004752851711026795,0.0,0.11764705882352933,1.0,0.8843710292249047,0.8148148148148149,runif
0.5909090909090909,0.7377706495589414,0.546875,0.6367165834719911,0.575,0.0,0.538175411119812,0.6909090909090909,0.7647058823529411,0.717948717948718,0.8843710292249047,0.7407407407407407,runif
0.0,0.0,0.9076923076923077,0.5868845455516395,0.0,0.7462686567164178,0.2414448669201522,0.38297872340425543,0.0,0.0,0.18360864040660718,0.8148148148148149,runif
0.4626865671641791,0.8810872027180068,0.375,0.16258183649488,0.16216216216216228,0.9285714285714286,0.3883185840707962,0.38297872340425543,0.7941176470588235,0.7826086956521738,0.0,0.0,runif
0.0,0.0,0.546875,0.9256794231835829,0.0,0.5119047619047619,0.429250514973855,0.9818181818181818,0.7941176470588235,0.0,0.6558317399617591,0.8461538461538461,runif
0.5909090909090909,1.0,0.546875,0.9256794231835829,0.575,0.9285714285714286,0.538175411119812,0.9818181818181818,0.7647058823529411,1.0,0.8843710292249047,0.0,runif
0.3880597014925373,0.0,0.375,0.3686824785794115,0.08108108108108114,0.0,0.47758418167580274,0.2978723404255319,0.7647058823529411,0.0,0.0,0.7407407407407407,runif
0.7727272727272727,0.0,0.0,0.0680343311701902,0.8,0.0,0.004752851711026795,0.0,0.7941176470588235,0.0,0.0,0.0,runif
0.7462686567164178,0.5719185423365487,0.265625,0.0,0.6216216216216217,0.5119047619047619,0.3809221993344952,0.0,0.7941176470588235,0.76041038020519,0.2160611854684512,0.8461538461538461,runif
0.0,0.0,0.0,0.42675068532165616,0.0,0.0,0.0,0.2978723404255319,0.0,0.0,0.1518424396442184,0.7407407407407407,runif
0.4626865671641791,0.0,0.0,0.0,0.16216216216216228,0.0,0.0,0.0,0.7941176470588235,0.0,0.16666666666666652,0.07407407407407407,runif
0.0,0.45133776896942246,0.7230769230769231,0.5868845455516395,0.0,0.0,0.0,0.38297872340425543,0.0,0.7306763285024155,0.06613226452905785,0.0,runif
0.5909090909090909,0.7975097700627102,0.546875,0.9256794231835829,0.575,0.0,0.538175411119812,0.9818181818181818,0.7647058823529411,0.8346456692913387,0.8843710292249047,0.0,runif
0.7727272727272727,0.7975097700627102,0.0,0.0680343311701902,0.8,0.7462686567164178,0.004752851711026795,0.0,0.7941176470588235,0.8346456692913387,0.828125,0.8148148148148149,runif
0.4626865671641791,0.879957127545552,0.375,0.0,0.16216216216216228,0.9285714285714286,0.3883185840707962,0.0,0.7941176470588235,0.7827398913699457,0.0,0.07407407407407407,runif
