0,1,2,3,4,5,6,7,8,9,10,11,12,13,14,15,16,17,y
0.773056494447127,0.0,0.546875,0.3561858907263973,0.0,0.0,0.8,0.5119047619047619,0.5540088105726872,0.6909090909090909,0.0,0.20547945205479445,0.7941176470588235,0.0,0.0,0.6153846153846154,0.6,1.0,qsampled
0.7455621301775148,0.0,0.0,0.23519185396746578,0.0,0.3529411764705882,0.6216216216216217,0.0,0.0,0.38297872340425543,0.0,0.0,0.7941176470588235,0.0,0.16742493175614215,0.0,0.6,1.0,qsampled
0.7448539971278123,0.0,0.546875,0.3561858907263973,0.680390362915523,0.9411764705882353,0.8,0.5119047619047619,0.5564601769911504,0.6909090909090909,0.7857142857142857,0.3561643835616438,0.7941176470588235,0.0,0.0,0.6153846153846154,0.5,1.0,qsampled
0.3888415672913117,0.0,0.265625,0.0,0.8432841833857062,0.0,0.08108108108108114,0.0,0.34570426651081243,0.0,1.0,0.20547945205479445,0.7647058823529411,0.0,0.18360864040660718,0.07407407407407407,0.0,1.0,qsampled
0.45857988165680463,0.0,0.265625,0.0,0.0,0.3529411764705882,0.16216216216216228,0.0,0.26537444933920706,0.0,0.0,0.0,0.7941176470588235,0.0,0.03472222222222199,0.07407407407407407,0.4,1.0,qsampled
0.0,0.0,0.0,0.42675068532165616,0.8553933113518606,0.9411764705882353,0.0,0.0,0.0,0.2978723404255319,1.0,0.3561643835616438,0.0,0.0,0.1518424396442184,0.7407407407407407,0.0,1.0,qsampled
0.746166950596252,0.0,0.265625,0.23519185396746578,0.0,1.0,0.6216216216216217,0.0,0.3806052923466964,0.38297872340425543,0.0,0.5616438356164384,0.7941176470588235,0.0,0.16196542311191997,0.0,0.4,0.0,qsampled
0.26873935264054516,0.8810956189397693,0.375,0.1346431972909098,0.0,0.0,0.4054054054054055,0.9285714285714286,0.3910132158590308,0.38297872340425543,0.0,0.20547945205479445,0.11764705882352933,0.7826086956521738,0.0,0.0,0.6,1.0,qsampled
0.27071005917159763,0.0,0.375,0.4589227133232212,0.6816533720087019,0.9411764705882353,0.4054054054054055,0.0,0.38831858407079634,0.2978723404255319,0.7302158273381295,0.3561643835616438,0.11764705882352933,0.0,0.0,0.7407407407407407,0.5,1.0,qsampled
0.6998563906175204,0.0,0.546875,0.3808179515019906,0.6738577484691475,0.3529411764705882,0.8,0.5119047619047619,0.5540088105726872,0.6909090909090909,0.8401253918495297,0.0,0.0,0.0,0.7925851703406813,0.6153846153846154,0.5,1.0,qsampled
0.27071005917159763,0.5561946270362961,0.0,0.4589227133232212,0.0,0.9411764705882353,0.4054054054054055,0.5119047619047619,0.0,0.2978723404255319,0.0,0.3561643835616438,0.11764705882352933,0.76041038020519,0.06613226452905785,0.6153846153846154,0.6,1.0,qsampled
0.0,0.805138063614121,0.0,0.0,0.8823529411764706,1.0,0.0,0.7462686567164178,0.0,0.0,1.0,0.3561643835616438,0.7941176470588235,0.8346456692913387,0.8589626933575978,0.8148148148148149,0.8,1.0,qsampled
0.7455621301775148,0.5561946270362961,0.265625,0.0,0.0,0.9411764705882353,0.6216216216216217,0.5119047619047619,0.3806052923466964,0.0,0.0,0.3561643835616438,0.7941176470588235,0.76041038020519,0.2160611854684512,0.8461538461538461,0.4,1.0,qsampled
0.3888415672913117,0.0,0.265625,0.23519185396746578,0.0,0.0,0.08108108108108114,0.0,0.34570426651081243,0.38297872340425543,0.0,0.20547945205479445,0.7647058823529411,0.0,0.18360864040660718,0.0,0.4,1.0,qsampled
0.27071005917159763,0.5561946270362961,0.265625,0.0,0.0,0.9411764705882353,0.4054054054054055,0.5119047619047619,0.2619469026548672,0.0,0.0,0.3561643835616438,0.11764705882352933,0.76041038020519,0.22444889779559107,0.8461538461538461,0.4,1.0,qsampled
0.26873935264054516,0.0,0.265625,0.0,0.0,1.0,0.4054054054054055,0.0,0.2619469026548672,0.0,0.0,0.5616438356164384,0.11764705882352933,0.0,0.18360864040660718,0.07407407407407407,0.4,0.0,qsampled
0.46337308347529815,0.0,0.0,0.4250881316098708,0.8459896309850564,1.0,0.16216216216216228,0.0,0.0,0.2978723404255319,1.0,0.5616438356164384,0.7941176470588235,0.0,0.16666666666666652,0.7407407407407407,0.8,0.0,qsampled
0.3888415672913117,0.4511836936905056,1.0,0.44914938532224025,0.0,1.0,0.08108108108108114,0.0,0.9153306613226453,0.38297872340425543,0.0,0.5616438356164384,0.7647058823529411,0.7306763285024155,0.4178356713426854,0.0,0.4,0.0,qsampled
0.26873935264054516,0.8799699924981246,0.375,0.4589227133232212,0.0,1.0,0.4054054054054055,0.9285714285714286,0.38831858407079634,0.2978723404255319,0.0,0.5616438356164384,0.11764705882352933,0.7827398913699457,0.0,0.7407407407407407,0.6,0.0,qsampled
0.746166950596252,0.0,0.9076923076923077,0.44914938532224025,0.9411764705882353,1.0,0.6216216216216217,0.7462686567164178,0.9263136288998358,0.38297872340425543,0.8401253918495297,0.5616438356164384,0.7941176470588235,0.0,0.16196542311191997,0.8148148148148149,0.8,0.5,qsampled
0.0,0.5717500803772371,0.0,0.42675068532165616,0.0,1.0,0.0,0.5119047619047619,0.0,0.2978723404255319,0.0,0.5616438356164384,0.0,0.76041038020519,0.06613226452905785,0.6153846153846154,0.6,0.0,qsampled
0.7272727272727273,0.0,0.546875,0.0,0.0,1.0,0.8,0.5119047619047619,0.5564601769911504,0.8727272727272728,0.0,0.8904109589041096,0.0,0.0,0.7925851703406813,0.8461538461538461,0.6,0.6666666666666667,qsampled
0.0,0.7958942683259151,0.0,0.0,0.9411764705882353,0.9259259259259259,0.0,0.7462686567164178,0.0,0.0,0.8401253918495297,0.0,0.7941176470588235,0.8346456692913387,0.8589626933575978,0.8148148148148149,0.5,1.0,qsampled
0.7448539971278123,0.805138063614121,0.0,0.0680343311701902,0.0,1.0,0.8,0.7462686567164178,0.004752851711026573,0.0,0.0,0.3561643835616438,0.7941176470588235,0.8346456692913387,0.828125,0.8148148148148149,0.6,1.0,qsampled
0.46337308347529815,0.8799699924981246,0.0,0.0,0.8459896309850564,1.0,0.16216216216216228,0.9285714285714286,0.0,0.0,1.0,0.5616438356164384,0.7941176470588235,0.7827398913699457,0.16666666666666652,0.07407407407407407,0.8,0.0,qsampled
0.27071005917159763,0.0,0.265625,0.1346431972909098,0.0,0.9411764705882353,0.4054054054054055,0.0,0.2619469026548672,0.38297872340425543,0.0,0.3561643835616438,0.11764705882352933,0.0,0.18360864040660718,0.0,0.4,1.0,qsampled
0.3875739644970413,0.0,0.9076923076923077,0.44914938532224025,0.0,0.9259259259259259,0.08108108108108114,0.7462686567164178,0.47548857237495845,0.38297872340425543,0.0,0.0,0.7647058823529411,0.0,0.18360864040660718,0.8148148148148149,0.4,1.0,qsampled
0.3888415672913117,0.4511836936905056,0.7230769230769231,0.44914938532224025,0.0,1.0,0.08108108108108114,0.0,0.12692050768203078,0.38297872340425543,0.0,0.5616438356164384,0.7647058823529411,0.7306763285024155,0.06613226452905785,0.0,0.6,0.0,qsampled
0.0,0.8810956189397693,0.0,0.10046637473744169,0.8553933113518606,0.0,0.0,0.9285714285714286,0.0,0.38297872340425543,1.0,0.20547945205479445,0.0,0.7826086956521738,0.1518424396442184,0.0,0.0,1.0,qsampled
0.27071005917159763,0.0,0.8,0.586969558009101,0.6816533720087019,1.0,0.4054054054054055,0.7462686567164178,0.26806083650190105,0.38297872340425543,0.7302158273381295,0.3561643835616438,0.11764705882352933,0.0,0.0,0.8148148148148149,0.5,1.0,qsampled
0.0,0.0,0.65625,0.42675068532165616,0.0,1.0,0.0,0.0,0.8033628318584071,0.2978723404255319,0.0,0.5616438356164384,0.0,0.0,0.4142312579415499,0.7407407407407407,0.4,0.0,qsampled
0.0,0.0,0.375,0.10046637473744169,0.0,0.9411764705882353,0.0,0.0,0.38831858407079634,0.38297872340425543,0.0,0.3561643835616438,0.0,0.0,0.0,0.0,0.6,1.0,qsampled
0.3888415672913117,0.5717500803772371,0.0,0.0,0.0,1.0,0.08108108108108114,0.5119047619047619,0.0,0.0,0.0,0.5616438356164384,0.7647058823529411,0.76041038020519,0.06613226452905785,0.8461538461538461,0.6,0.0,qsampled
0.0,0.0,0.7230769230769231,0.5868845455516395,0.8553933113518606,0.9259259259259259,0.0,0.7462686567164178,0.0,0.38297872340425543,1.0,0.0,0.0,0.0,0.1518424396442184,0.8148148148148149,0.0,1.0,qsampled
0.5749162278602202,0.7958942683259151,0.546875,0.9256794231835829,0.8579485939892031,0.3529411764705882,0.575,0.0,0.5355542567699202,0.9818181818181818,1.0,0.0,0.7647058823529411,0.8346456692913387,0.8843710292249047,0.0,0.0,1.0,qsampled
0.6998563906175204,0.7354433760683761,0.546875,0.3808179515019906,0.0,0.3529411764705882,0.8,0.0,0.5540088105726872,0.6909090909090909,0.0,0.0,0.0,0.717948717948718,0.8843710292249047,0.7407407407407407,0.6,1.0,qsampled
0.0,1.0,0.546875,0.6367165834719911,0.0,1.0,0.0,0.9285714285714286,0.42925051497385536,0.6909090909090909,0.0,0.5616438356164384,0.7941176470588235,1.0,0.8589626933575978,0.7407407407407407,0.6,0.0,qsampled
0.7455621301775148,0.43577040130228606,0.375,0.23519185396746578,0.0,0.9411764705882353,0.6216216216216217,0.5119047619047619,0.49041356361907795,0.38297872340425543,0.0,0.3561643835616438,0.7941176470588235,0.7306763285024155,0.0,0.8461538461538461,0.6,1.0,qsampled
0.0,0.0,0.546875,0.6367165834719911,0.8823529411764706,0.9411764705882353,0.0,0.5119047619047619,0.42925051497385536,0.6909090909090909,1.0,0.3561643835616438,0.7941176470588235,0.0,0.6558317399617591,0.6153846153846154,0.0,1.0,qsampled
0.7455621301775148,0.5561946270362961,0.0,0.3686824785794115,0.0,0.9411764705882353,0.6216216216216217,0.5119047619047619,0.0,0.2978723404255319,0.0,0.3561643835616438,0.7941176470588235,0.76041038020519,0.021032504780114647,0.6153846153846154,0.6,1.0,qsampled
0.746166950596252,0.0,0.0,0.3686824785794115,0.8823529411764706,0.0,0.6216216216216217,0.0,0.0,0.2978723404255319,1.0,0.20547945205479445,0.7941176470588235,0.0,0.16742493175614215,0.7407407407407407,0.8,1.0,qsampled
0.5909090909090909,0.0,0.546875,0.7459789240155297,0.0,1.0,0.575,0.5119047619047619,0.538175411119812,0.8727272727272728,0.0,0.8904109589041096,0.7647058823529411,0.0,0.7925851703406813,0.8461538461538461,0.6,0.6666666666666667,qsampled
0.27071005917159763,0.0,0.375,0.0,0.0,0.3529411764705882,0.4054054054054055,0.0,0.3910132158590308,0.0,0.0,0.0,0.11764705882352933,0.0,0.0,0.07407407407407407,0.6,1.0,qsampled
0.7455621301775148,0.5719947159841479,0.0,0.0,0.0,0.3529411764705882,0.6216216216216217,0.5119047619047619,0.0,0.0,0.0,0.0,0.7941176470588235,0.76041038020519,0.021032504780114647,0.8461538461538461,0.6,1.0,qsampled
0.3875739644970413,0.43577040130228606,0.0,0.23519185396746578,0.0,0.9411764705882353,0.08108108108108114,0.5119047619047619,0.0,0.38297872340425543,0.0,0.3561643835616438,0.7647058823529411,0.7306763285024155,0.06613226452905785,0.8461538461538461,0.6,1.0,qsampled
0.7455621301775148,0.5719947159841479,0.0,0.3686824785794115,0.0,0.3529411764705882,0.6216216216216217,0.5119047619047619,0.0,0.2978723404255319,0.0,0.0,0.7941176470588235,0.76041038020519,0.021032504780114647,0.6153846153846154,0.6,1.0,qsampled
0.7455621301775148,0.5719947159841479,0.0,0.0,0.0,0.3529411764705882,0.6216216216216217,0.5119047619047619,0.0,0.0,0.0,0.0,0.7941176470588235,0.76041038020519,0.021032504780114647,0.8461538461538461,0.6,1.0,qsampled
0.0,0.0,0.65625,0.42675068532165616,0.6738577484691475,0.9411764705882353,0.0,0.0,0.8033628318584071,0.2978723404255319,0.8401253918495297,0.3561643835616438,0.0,0.0,0.4142312579415499,0.7407407407407407,0.8,1.0,qsampled
0.5915016900048287,0.0,0.546875,0.9256794231835829,0.0,1.0,0.575,0.5119047619047619,0.538175411119812,0.9818181818181818,0.0,0.5616438356164384,0.7647058823529411,0.0,0.7925851703406813,0.8461538461538461,0.6,0.0,qsampled
0.7233220666344762,0.7375801282051282,0.546875,0.0,0.0,1.0,0.8,0.0,0.5564601769911504,0.8727272727272728,0.0,0.5616438356164384,0.0,0.717948717948718,0.8843710292249047,0.07407407407407407,0.6,0.0,qsampled
0.3888415672913117,0.0,0.9076923076923077,0.44914938532224025,0.6816533720087019,1.0,0.08108108108108114,0.7462686567164178,0.4707748830995325,0.38297872340425543,0.7302158273381295,0.5616438356164384,0.7647058823529411,0.0,0.18360864040660718,0.8148148148148149,0.8,0.5,qsampled
0.3875739644970413,0.0,0.265625,0.23519185396746578,0.8579485939892031,0.3529411764705882,0.08108108108108114,0.0,0.34570426651081243,0.38297872340425543,1.0,0.0,0.7647058823529411,0.0,0.18360864040660718,0.0,1.0,1.0,qsampled
0.0,0.0,0.0,0.42675068532165616,0.8080075365049458,0.9411764705882353,0.0,0.0,0.0,0.2978723404255319,1.0,0.3561643835616438,0.0,0.0,0.1518424396442184,0.7407407407407407,0.8,1.0,qsampled
0.7599329822881762,0.7958942683259151,0.546875,0.09413854351687412,0.6816533720087019,0.3529411764705882,0.825,0.0,0.5540088105726872,0.9818181818181818,0.2547169811320755,0.0,0.11764705882352933,0.8346456692913387,0.8843710292249047,0.0,0.5,1.0,qsampled
0.746166950596252,0.0,0.265625,0.0,0.8823529411764706,0.0,0.6216216216216217,0.0,0.38578839805062104,0.0,1.0,0.20547945205479445,0.7941176470588235,0.0,0.16196542311191997,0.07407407407407407,0.0,1.0,qsampled
0.0,0.0,0.546875,0.7459789240155297,0.0,1.0,0.0,0.5119047619047619,0.42925051497385536,0.8727272727272728,0.0,0.5616438356164384,0.7941176470588235,0.0,0.6558317399617591,0.8461538461538461,0.6,0.0,qsampled
0.0,0.5717500803772371,0.0,0.42675068532165616,0.0,1.0,0.0,0.5119047619047619,0.0,0.2978723404255319,0.0,0.5616438356164384,0.0,0.76041038020519,0.06613226452905785,0.6153846153846154,0.6,0.0,qsampled
0.7233220666344762,0.805138063614121,0.0,0.28020267824828093,0.8080075365049458,0.0,0.8,0.7462686567164178,0.004715498270983942,0.0,1.0,0.20547945205479445,0.0,0.8346456692913387,0.8843710292249047,0.8148148148148149,0.8,1.0,qsampled
0.746166950596252,0.5561946270362961,0.65625,0.3686824785794115,0.9411764705882353,0.0,0.6216216216216217,0.5119047619047619,0.7860399308284861,0.2978723404255319,0.8401253918495297,0.20547945205479445,0.7941176470588235,0.76041038020519,0.424474187380497,0.6153846153846154,0.8,1.0,qsampled
0.3875739644970413,0.5561946270362961,0.375,0.0,0.8579485939892031,0.9411764705882353,0.08108108108108114,0.5119047619047619,0.47758418167580263,0.0,1.0,0.3561643835616438,0.7647058823529411,0.76041038020519,0.0,0.8461538461538461,0.0,1.0,qsampled
0.27071005917159763,0.5719947159841479,0.375,0.0,0.8579485939892031,0.3529411764705882,0.4054054054054055,0.5119047619047619,0.3910132158590308,0.0,1.0,0.0,0.11764705882352933,0.76041038020519,0.0,0.8461538461538461,0.0,1.0,qsampled
0.746166950596252,0.0,0.0,0.3686824785794115,0.0,0.0,0.6216216216216217,0.0,0.0,0.2978723404255319,0.0,0.20547945205479445,0.7941176470588235,0.0,0.16742493175614215,0.7407407407407407,0.6,1.0,qsampled
0.45857988165680463,0.45149425287356315,0.7230769230769231,0.5566560349169045,0.0,0.9259259259259259,0.16216216216216228,0.0,0.0,0.38297872340425543,0.0,0.0,0.7941176470588235,0.7306763285024155,0.379032258064516,0.0,0.6,1.0,qsampled
0.0,0.0,0.9076923076923077,0.5868845455516395,0.0,1.0,0.0,0.7462686567164178,0.24112801013941698,0.38297872340425543,0.0,0.3561643835616438,0.0,0.0,0.18360864040660718,0.8148148148148149,0.4,1.0,qsampled
0.3875739644970413,0.5719947159841479,0.375,0.0,0.0,0.3529411764705882,0.08108108108108114,0.5119047619047619,0.4801285797779077,0.0,0.0,0.0,0.7647058823529411,0.76041038020519,0.0,0.8461538461538461,0.6,1.0,qsampled
0.27071005917159763,0.45149425287356315,0.7230769230769231,0.586969558009101,0.6816533720087019,0.9259259259259259,0.4054054054054055,0.0,0.0,0.38297872340425543,0.7302158273381295,0.0,0.11764705882352933,0.7306763285024155,0.06613226452905785,0.0,0.5,1.0,qsampled
0.0,0.45149425287356315,0.265625,0.10046637473744169,0.0,0.3529411764705882,0.0,0.5119047619047619,0.26537444933920706,0.38297872340425543,0.0,0.0,0.0,0.7306763285024155,0.22444889779559107,0.8461538461538461,0.4,1.0,qsampled
0.0,0.880038559034596,0.0,0.0,0.0,0.3529411764705882,0.0,0.9285714285714286,0.0,0.0,0.0,0.0,0.0,0.7827398913699457,0.1518424396442184,0.07407407407407407,0.6,1.0,qsampled
0.46337308347529815,0.0,0.8,0.5566560349169045,0.0,0.0,0.16216216216216228,0.7462686567164178,0.27381326626846914,0.38297872340425543,0.0,0.20547945205479445,0.7941176470588235,0.0,0.0,0.8148148148148149,0.6,1.0,qsampled
0.7599329822881762,0.7354433760683761,0.546875,0.4464653641207815,0.0,0.3529411764705882,0.825,0.0,0.5540088105726872,0.6909090909090909,0.0,0.0,0.11764705882352933,0.717948717948718,0.8843710292249047,0.7407407407407407,0.6,1.0,qsampled
0.0,0.0,0.9076923076923077,0.5868845455516395,0.0,1.0,0.0,0.7462686567164178,0.24112801013941698,0.38297872340425543,0.0,0.3561643835616438,0.0,0.0,0.18360864040660718,0.8148148148148149,0.4,1.0,qsampled
0.0,0.983840811965812,0.546875,0.7459789240155297,0.0,0.3529411764705882,0.0,0.9642857142857143,0.4258764345228736,0.8727272727272728,0.0,0.0,0.7941176470588235,1.0,0.8589626933575978,0.07407407407407407,0.6,1.0,qsampled
0.6998563906175204,0.0,0.546875,0.023887079261672106,0.0,0.3529411764705882,0.8,0.5119047619047619,0.5540088105726872,0.9818181818181818,0.0,0.0,0.0,0.0,0.7925851703406813,0.8461538461538461,0.6,1.0,qsampled
0.3880597014925373,0.0,0.7230769230769231,0.44914938532224025,0.0,1.0,0.08108108108108114,0.7462686567164178,0.1269205076820309,0.38297872340425543,0.0,0.8904109589041096,0.7647058823529411,0.0,0.1518424396442184,0.8148148148148149,0.6,0.6666666666666667,qsampled
0.45857988165680463,0.0,0.0,0.0,0.0,0.9411764705882353,0.16216216216216228,0.0,0.0,0.0,0.0,0.3561643835616438,0.7941176470588235,0.0,0.16666666666666652,0.07407407407407407,0.6,1.0,qsampled
0.45857988165680463,0.43577040130228606,0.7230769230769231,0.5566560349169045,0.8555962183592558,1.0,0.16216216216216228,0.0,0.0,0.38297872340425543,1.0,0.3561643835616438,0.7941176470588235,0.7306763285024155,0.379032258064516,0.0,0.0,1.0,qsampled
0.0,0.5719947159841479,0.375,0.0,0.6738577484691475,0.3529411764705882,0.0,0.5119047619047619,0.3910132158590308,0.0,0.6258503401360545,0.0,0.0,0.76041038020519,0.0,0.8461538461538461,0.5,1.0,qsampled
0.0,0.5719947159841479,0.0,0.0,0.0,0.3529411764705882,0.0,0.5119047619047619,0.0,0.0,0.0,0.0,0.0,0.76041038020519,0.06613226452905785,0.8461538461538461,0.6,1.0,qsampled
0.26873935264054516,0.0,0.0,0.0,0.0,0.0,0.4054054054054055,0.0,0.0,0.0,0.0,0.20547945205479445,0.11764705882352933,0.0,0.1518424396442184,0.07407407407407407,0.6,1.0,qsampled
0.5915016900048287,1.0,0.0,0.0,0.0,1.0,0.575,1.0,0.0,0.0,0.0,0.5616438356164384,0.7647058823529411,1.0,0.8843710292249047,0.8148148148148149,0.6,0.0,qsampled
0.7455621301775148,0.0,0.7230769230769231,0.44914938532224025,0.0,0.9259259259259259,0.6216216216216217,0.7462686567164178,0.7210483543275092,0.38297872340425543,0.0,0.0,0.7941176470588235,0.0,0.16742493175614215,0.8148148148148149,0.6,1.0,qsampled
0.3888415672913117,0.0,0.7230769230769231,0.44914938532224025,0.0,0.0,0.08108108108108114,0.7462686567164178,0.125869493209672,0.38297872340425543,0.0,0.20547945205479445,0.7647058823529411,0.0,0.1518424396442184,0.8148148148148149,0.6,1.0,qsampled
0.0,0.0,0.375,0.0,0.0,0.0,0.0,0.0,0.3910132158590308,0.0,0.0,0.20547945205479445,0.0,0.0,0.0,0.07407407407407407,0.6,1.0,qsampled
0.3875739644970413,0.43577040130228606,0.265625,0.23519185396746578,0.0,0.9411764705882353,0.08108108108108114,0.5119047619047619,0.34230618637431465,0.38297872340425543,0.0,0.3561643835616438,0.7647058823529411,0.7306763285024155,0.22444889779559107,0.8461538461538461,0.4,1.0,qsampled
0.46337308347529815,0.0,0.375,0.4250881316098708,0.680390362915523,0.0,0.16216216216216228,0.0,0.3910132158590308,0.2978723404255319,0.7857142857142857,0.20547945205479445,0.7941176470588235,0.0,0.0,0.7407407407407407,0.5,1.0,qsampled
0.27071005917159763,0.0,1.0,0.586969558009101,0.0,0.9259259259259259,0.4054054054054055,0.7462686567164178,0.8616787173844702,0.38297872340425543,0.0,0.0,0.11764705882352933,0.0,0.4142312579415499,0.8148148148148149,0.4,1.0,qsampled
0.3875739644970413,0.5719947159841479,0.375,0.0,0.8579485939892031,0.3529411764705882,0.08108108108108114,0.5119047619047619,0.4801285797779077,0.0,1.0,0.0,0.7647058823529411,0.76041038020519,0.0,0.8461538461538461,0.0,1.0,qsampled
0.45857988165680463,0.43577040130228606,0.7230769230769231,0.5566560349169045,0.0,1.0,0.16216216216216228,0.0,0.0,0.38297872340425543,0.0,0.3561643835616438,0.7941176470588235,0.7306763285024155,0.379032258064516,0.0,0.6,1.0,qsampled
0.0,0.0,0.8,0.5868845455516395,0.0,0.0,0.0,0.7462686567164178,0.27381326626846914,0.38297872340425543,0.0,0.20547945205479445,0.0,0.0,0.0,0.8148148148148149,0.6,1.0,qsampled
0.7599329822881762,0.0,0.546875,0.09413854351687412,0.8579485939892031,0.9411764705882353,0.825,0.5119047619047619,0.5564601769911504,0.9818181818181818,1.0,0.3561643835616438,0.11764705882352933,0.0,0.7925851703406813,0.8461538461538461,0.0,1.0,qsampled
0.45857988165680463,0.45149425287356315,0.9076923076923077,0.5566560349169045,0.0,0.9259259259259259,0.16216216216216228,0.0,0.24740647595095888,0.38297872340425543,0.0,0.0,0.7941176470588235,0.7306763285024155,0.6370967741935483,0.0,0.4,1.0,qsampled
0.46337308347529815,0.4511836936905056,0.7230769230769231,0.5566560349169045,0.0,1.0,0.16216216216216228,0.0,0.0,0.38297872340425543,0.0,0.5616438356164384,0.7941176470588235,0.7306763285024155,0.379032258064516,0.0,0.6,0.0,qsampled
0.7701593433124094,0.0,0.546875,0.4464653641207815,0.6816533720087019,1.0,0.825,0.5119047619047619,0.5564601769911504,0.6909090909090909,0.7302158273381295,0.5616438356164384,0.11764705882352933,0.0,0.7925851703406813,0.6153846153846154,0.5,0.5,qsampled
0.7599329822881762,0.0,0.546875,0.0,0.0,0.9411764705882353,0.825,0.5119047619047619,0.5564601769911504,0.8727272727272728,0.0,0.3561643835616438,0.11764705882352933,0.0,0.7925851703406813,0.8461538461538461,0.6,1.0,qsampled
0.7233220666344762,0.805138063614121,0.0,0.28020267824828093,0.0,0.0,0.8,0.7462686567164178,0.004715498270983942,0.0,0.0,0.20547945205479445,0.0,0.8346456692913387,0.8843710292249047,0.8148148148148149,0.6,1.0,qsampled
0.3888415672913117,0.0,0.8,0.44914938532224025,0.0,0.0,0.08108108108108114,0.7462686567164178,0.4956939383901954,0.38297872340425543,0.0,0.20547945205479445,0.7647058823529411,0.0,0.0,0.8148148148148149,0.6,1.0,qsampled
0.0,0.5719947159841479,0.265625,0.42675068532165616,0.0,0.3529411764705882,0.0,0.5119047619047619,0.26537444933920706,0.2978723404255319,0.0,0.0,0.0,0.76041038020519,0.22444889779559107,0.6153846153846154,0.4,1.0,qsampled
0.7701593433124094,0.797347624670724,0.0,0.2860390763765541,0.0,1.0,0.825,0.7462686567164178,0.004752851711026573,0.0,0.0,0.5616438356164384,0.11764705882352933,0.8346456692913387,0.8843710292249047,0.8148148148148149,0.6,0.0,qsampled
0.27071005917159763,0.5719947159841479,0.0,0.0,0.8579485939892031,0.3529411764705882,0.4054054054054055,0.5119047619047619,0.0,0.0,1.0,0.0,0.11764705882352933,0.76041038020519,0.06613226452905785,0.8461538461538461,0.0,1.0,qsampled
0.46337308347529815,0.5561946270362961,0.0,0.0,0.8459896309850564,0.0,0.16216216216216228,0.5119047619047619,0.0,0.0,1.0,0.20547945205479445,0.7941176470588235,0.76041038020519,0.379032258064516,0.8461538461538461,0.8,1.0,qsampled
0.27071005917159763,0.5561946270362961,0.265625,0.4589227133232212,0.0,0.9411764705882353,0.4054054054054055,0.5119047619047619,0.2619469026548672,0.2978723404255319,0.0,0.3561643835616438,0.11764705882352933,0.76041038020519,0.22444889779559107,0.6153846153846154,0.4,1.0,m2
0.27071005917159763,0.8811671087533156,0.265625,0.1346431972909098,0.8432841833857062,0.3529411764705882,0.4054054054054055,0.9285714285714286,0.26537444933920706,0.38297872340425543,1.0,0.0,0.11764705882352933,0.7826086956521738,0.18360864040660718,0.0,0.0,1.0,m2
0.0,0.0,0.265625,0.0,0.6738577484691475,0.9411764705882353,0.0,0.0,0.2619469026548672,0.0,0.6258503401360545,0.3561643835616438,0.0,0.0,0.18360864040660718,0.07407407407407407,0.8,1.0,m2
0.6998563906175204,0.7521140981951281,0.546875,0.0,0.8080075365049458,0.9411764705882353,0.8,0.0,0.5564601769911504,0.8727272727272728,1.0,0.3561643835616438,0.0,0.717948717948718,0.8843710292249047,0.07407407407407407,0.8,1.0,m2
0.27071005917159763,0.0,0.375,0.1346431972909098,0.8432841833857062,0.9411764705882353,0.4054054054054055,0.0,0.38831858407079634,0.38297872340425543,1.0,0.3561643835616438,0.11764705882352933,0.0,0.0,0.0,0.8,1.0,m2
0.0,0.0,0.0,0.42675068532165616,0.0,1.0,0.0,0.0,0.0,0.2978723404255319,0.0,0.8904109589041096,0.0,0.0,0.1518424396442184,0.7407407407407407,0.6,0.6666666666666667,m2
0.0,0.0,0.9076923076923077,0.5868845455516395,0.8553933113518606,1.0,0.0,0.7462686567164178,0.24112801013941698,0.38297872340425543,1.0,0.3561643835616438,0.0,0.0,0.18360864040660718,0.8148148148148149,1.0,1.0,m2
0.7727272727272727,0.8053128276826285,0.546875,0.14465145488800502,0.8459896309850564,1.0,0.8,0.0,0.5564601769911504,0.9818181818181818,1.0,0.8904109589041096,0.7941176470588235,0.8346456692913387,0.828125,0.0,0.8,0.6666666666666667,m2
0.27071005917159763,0.43577040130228606,0.7230769230769231,0.586969558009101,0.0,1.0,0.4054054054054055,0.0,0.0,0.38297872340425543,0.0,0.3561643835616438,0.11764705882352933,0.7306763285024155,0.06613226452905785,0.0,0.6,1.0,m2
0.27071005917159763,0.0,0.265625,0.1346431972909098,0.0,0.9411764705882353,0.4054054054054055,0.0,0.2619469026548672,0.38297872340425543,0.0,0.3561643835616438,0.11764705882352933,0.0,0.18360864040660718,0.0,0.4,1.0,m2
0.26865671641791034,0.5561629153269024,0.265625,0.4589227133232212,0.0,1.0,0.4054054054054055,0.5119047619047619,0.26212389380530954,0.2978723404255319,0.0,0.8904109589041096,0.11764705882352933,0.76041038020519,0.22444889779559107,0.6153846153846154,0.4,0.6666666666666667,m2
0.0,0.0,0.375,0.0,0.0,0.0,0.0,0.0,0.3910132158590308,0.0,0.0,0.20547945205479445,0.0,0.0,0.0,0.07407407407407407,0.6,1.0,m2
0.0,0.9465166130760986,0.265625,0.0,0.8080075365049458,1.0,0.0,0.9642857142857143,0.26212389380530954,0.0,1.0,0.8904109589041096,0.0,0.8913699456849729,0.18360864040660718,0.07407407407407407,0.0,0.6666666666666667,m2
0.7448539971278123,0.7521140981951281,0.546875,0.0,0.8555962183592558,0.9411764705882353,0.8,0.0,0.5564601769911504,0.8727272727272728,1.0,0.3561643835616438,0.7941176470588235,0.717948717948718,0.828125,0.07407407407407407,0.0,1.0,m2
0.0,0.8799699924981246,0.65625,0.42675068532165616,0.0,1.0,0.0,0.9285714285714286,0.8033628318584071,0.2978723404255319,0.0,0.5616438356164384,0.0,0.7827398913699457,0.4142312579415499,0.7407407407407407,0.4,0.0,m2
0.27071005917159763,0.0,0.265625,0.1346431972909098,0.0,0.9411764705882353,0.4054054054054055,0.0,0.2619469026548672,0.38297872340425543,0.0,0.3561643835616438,0.11764705882352933,0.0,0.18360864040660718,0.0,0.4,1.0,m2
0.0,0.4357304643261608,0.375,0.10046637473744169,0.0,1.0,0.0,0.5119047619047619,0.3883185840707962,0.38297872340425543,0.0,0.8904109589041096,0.0,0.7306763285024155,0.0,0.8461538461538461,0.6,0.6666666666666667,m2
0.0,0.9465166130760986,0.375,0.0,0.0,1.0,0.0,0.9642857142857143,0.3883185840707962,0.0,0.0,0.8904109589041096,0.0,0.8913699456849729,0.0,0.07407407407407407,0.6,0.6666666666666667,m2
0.0,0.45149425287356315,0.265625,0.10046637473744169,0.0,0.3529411764705882,0.0,0.5119047619047619,0.26537444933920706,0.38297872340425543,0.0,0.0,0.0,0.7306763285024155,0.22444889779559107,0.8461538461538461,0.4,1.0,m2
0.0,0.0,0.375,0.10046637473744169,0.8553933113518606,1.0,0.0,0.0,0.3883185840707962,0.38297872340425543,1.0,0.8904109589041096,0.0,0.0,0.0,0.0,0.0,0.6666666666666667,m2
0.45857988165680463,0.0,0.375,0.16258183649488,0.8555962183592558,0.3529411764705882,0.16216216216216228,0.0,0.3910132158590308,0.38297872340425543,1.0,0.0,0.7941176470588235,0.0,0.0,0.0,0.0,1.0,m2
0.0,0.0,0.375,0.42675068532165616,0.0,1.0,0.0,0.0,0.38831858407079634,0.2978723404255319,0.0,0.5616438356164384,0.0,0.0,0.0,0.7407407407407407,0.6,0.0,m2
0.26865671641791034,0.0,0.9076923076923077,0.586969558009101,0.6816533720087019,1.0,0.4054054054054055,0.7462686567164178,0.2414448669201522,0.38297872340425543,0.7302158273381295,0.8904109589041096,0.11764705882352933,0.0,0.18360864040660718,0.8148148148148149,0.8,0.0,m2
0.7272727272727273,0.9847280070680298,0.546875,0.3808179515019906,0.0,1.0,0.8,0.9642857142857143,0.5564601769911504,0.6909090909090909,0.0,0.8904109589041096,0.0,1.0,0.8843710292249047,0.7407407407407407,0.6,0.6666666666666667,m2
0.0,0.9465166130760986,0.65625,0.0,0.8553933113518606,1.0,0.0,0.9642857142857143,0.8035398230088495,0.0,1.0,0.8904109589041096,0.0,0.8913699456849729,0.4142312579415499,0.07407407407407407,1.0,0.6666666666666667,m2
0.0,0.805138063614121,0.0,0.0,0.0,1.0,0.0,0.7462686567164178,0.0,0.0,0.0,0.3561643835616438,0.7941176470588235,0.8346456692913387,0.8589626933575978,0.8148148148148149,0.6,1.0,m2
0.7701593433124094,0.0,0.546875,0.4464653641207815,0.0,1.0,0.825,0.5119047619047619,0.5564601769911504,0.6909090909090909,0.0,0.5616438356164384,0.11764705882352933,0.0,0.7925851703406813,0.6153846153846154,0.6,0.0,m2
0.7455621301775148,0.0,0.65625,0.3686824785794115,0.8823529411764706,0.3529411764705882,0.6216216216216217,0.0,0.7860399308284861,0.2978723404255319,1.0,0.0,0.7941176470588235,0.0,0.415832575068244,0.7407407407407407,1.0,1.0,m2
0.27071005917159763,0.0,0.0,0.1346431972909098,0.0,0.3529411764705882,0.4054054054054055,0.0,0.0,0.38297872340425543,0.0,0.0,0.11764705882352933,0.0,0.1518424396442184,0.0,0.6,1.0,m2
0.26865671641791034,0.947975651189128,0.0,0.1346431972909098,0.0,1.0,0.4054054054054055,0.9642857142857143,0.0,0.38297872340425543,0.0,0.8904109589041096,0.11764705882352933,0.8913043478260869,0.1518424396442184,0.0,0.6,0.6666666666666667,m2
0.7448539971278123,0.0,0.546875,0.14465145488800502,0.8555962183592558,0.9411764705882353,0.8,0.5119047619047619,0.5564601769911504,0.9818181818181818,1.0,0.3561643835616438,0.7941176470588235,0.0,0.0,0.8461538461538461,0.0,1.0,m2
0.0,0.43577040130228606,0.7230769230769231,0.5868845455516395,0.8553933113518606,1.0,0.0,0.0,0.0,0.38297872340425543,1.0,0.3561643835616438,0.0,0.7306763285024155,0.06613226452905785,0.0,0.0,1.0,m2
0.3875739644970413,0.0,0.0,0.0,0.0,0.9411764705882353,0.08108108108108114,0.0,0.0,0.0,0.0,0.3561643835616438,0.7647058823529411,0.0,0.1518424396442184,0.07407407407407407,0.6,1.0,m2
0.7455621301775148,0.0,0.0,0.0,0.0,0.9411764705882353,0.6216216216216217,0.0,0.0,0.0,0.0,0.3561643835616438,0.7941176470588235,0.0,0.16742493175614215,0.07407407407407407,0.6,1.0,m2
0.7233220666344762,0.7375801282051282,0.546875,0.0,0.0,1.0,0.8,0.0,0.5564601769911504,0.8727272727272728,0.0,0.5616438356164384,0.0,0.717948717948718,0.8843710292249047,0.07407407407407407,0.6,0.0,m2
0.3875739644970413,0.0,1.0,0.44914938532224025,0.0,0.9259259259259259,0.08108108108108114,0.7462686567164178,0.9163630341172574,0.38297872340425543,0.0,0.0,0.7647058823529411,0.0,0.4142312579415499,0.8148148148148149,0.4,1.0,m2
0.3880597014925373,0.0,0.265625,0.0,0.0,1.0,0.08108108108108114,0.0,0.34250195771339087,0.0,0.0,0.8904109589041096,0.7647058823529411,0.0,0.18360864040660718,0.07407407407407407,0.4,0.6666666666666667,m2
0.0,0.5561629153269024,0.375,0.0,0.0,1.0,0.0,0.5119047619047619,0.3883185840707962,0.0,0.0,0.8904109589041096,0.0,0.76041038020519,0.0,0.8461538461538461,0.6,0.6666666666666667,m2
0.3875739644970413,0.0,0.0,0.23519185396746578,0.0,0.9411764705882353,0.08108108108108114,0.0,0.0,0.38297872340425543,0.0,0.3561643835616438,0.7647058823529411,0.0,0.1518424396442184,0.0,0.6,1.0,m2
0.0,1.0,0.0,0.0,0.8823529411764706,0.9259259259259259,0.0,1.0,0.0,0.0,1.0,0.0,0.7941176470588235,1.0,0.8589626933575978,0.8148148148148149,0.8,1.0,m2
0.26873935264054516,0.0,0.265625,0.4589227133232212,0.6816533720087019,1.0,0.4054054054054055,0.0,0.2619469026548672,0.2978723404255319,0.7302158273381295,0.5616438356164384,0.11764705882352933,0.0,0.18360864040660718,0.7407407407407407,0.8,0.5,m2
0.7727272727272727,1.0,0.546875,0.0,0.6816533720087019,1.0,0.825,0.9285714285714286,0.5564601769911504,0.8727272727272728,0.2547169811320755,0.8904109589041096,0.11764705882352933,1.0,0.8843710292249047,0.07407407407407407,0.5,0.0,m2
0.7448539971278123,0.7958942683259151,0.546875,0.14465145488800502,0.0,0.3529411764705882,0.8,0.0,0.5540088105726872,0.9818181818181818,0.0,0.0,0.7941176470588235,0.8346456692913387,0.828125,0.0,0.6,1.0,m2
0.5749162278602202,0.805138063614121,0.0,0.0,0.0,1.0,0.575,0.7462686567164178,0.0,0.0,0.0,0.3561643835616438,0.7647058823529411,0.8346456692913387,0.8843710292249047,0.8148148148148149,0.6,1.0,m2
0.0,0.0,0.65625,0.0,0.8553933113518606,0.3529411764705882,0.0,0.0,0.8044052863436124,0.0,1.0,0.0,0.0,0.0,0.4142312579415499,0.07407407407407407,1.0,1.0,m2
0.26865671641791034,0.4357304643261608,0.0,0.1346431972909098,0.6816533720087019,1.0,0.4054054054054055,0.5119047619047619,0.0,0.38297872340425543,0.2547169811320755,0.8904109589041096,0.11764705882352933,0.7306763285024155,0.06613226452905785,0.8461538461538461,0.5,0.0,m2
0.26865671641791034,0.0,0.265625,0.0,0.8432841833857062,1.0,0.4054054054054055,0.0,0.26212389380530954,0.0,1.0,0.8904109589041096,0.11764705882352933,0.0,0.18360864040660718,0.07407407407407407,0.0,0.6666666666666667,m2
0.0,0.9917860887801468,0.0,0.0,0.9411764705882353,1.0,0.0,1.0,0.0,0.0,0.8401253918495297,0.8904109589041096,0.7941176470588235,1.0,0.8589626933575978,0.8148148148148149,0.5,0.0,m2
0.0,0.0,0.0,0.0,0.0,0.9411764705882353,0.0,0.0,0.0,0.0,0.0,0.3561643835616438,0.0,0.0,0.1518424396442184,0.07407407407407407,0.6,1.0,m2
0.7455621301775148,0.5719947159841479,0.265625,0.0,0.0,0.3529411764705882,0.6216216216216217,0.5119047619047619,0.38578839805062104,0.0,0.0,0.0,0.7941176470588235,0.76041038020519,0.2160611854684512,0.8461538461538461,0.4,1.0,m2
0.7727272727272727,0.0,0.546875,0.4464653641207815,0.6816533720087019,1.0,0.825,0.5119047619047619,0.5564601769911504,0.6909090909090909,0.7302158273381295,0.8904109589041096,0.11764705882352933,0.0,0.7925851703406813,0.6153846153846154,0.5,0.0,m2
0.27071005917159763,0.0,0.0,0.1346431972909098,0.0,0.9411764705882353,0.4054054054054055,0.0,0.0,0.38297872340425543,0.0,0.3561643835616438,0.11764705882352933,0.0,0.1518424396442184,0.0,0.6,1.0,m2
0.45857988165680463,0.8811671087533156,0.265625,0.16258183649488,0.0,0.3529411764705882,0.16216216216216228,0.9285714285714286,0.26537444933920706,0.38297872340425543,0.0,0.0,0.7941176470588235,0.7826086956521738,0.03472222222222199,0.0,0.4,1.0,m2
0.746166950596252,0.0,0.0,0.0,0.0,1.0,0.6216216216216217,0.0,0.0,0.0,0.0,0.5616438356164384,0.7941176470588235,0.0,0.16742493175614215,0.07407407407407407,0.6,0.0,m2
0.3880597014925373,0.879957127545552,0.265625,0.3686824785794115,0.0,1.0,0.08108108108108114,0.9285714285714286,0.34250195771339087,0.2978723404255319,0.0,0.8904109589041096,0.7647058823529411,0.7827398913699457,0.18360864040660718,0.7407407407407407,0.4,0.6666666666666667,m2
0.27071005917159763,0.0,0.265625,0.1346431972909098,0.6816533720087019,0.9411764705882353,0.4054054054054055,0.0,0.2619469026548672,0.38297872340425543,0.2547169811320755,0.3561643835616438,0.11764705882352933,0.0,0.18360864040660718,0.0,0.8,1.0,m2
0.0,0.0,0.65625,0.10046637473744169,0.8553933113518606,1.0,0.0,0.0,0.8035398230088495,0.38297872340425543,1.0,0.8904109589041096,0.0,0.0,0.4142312579415499,0.0,1.0,0.6666666666666667,m2
0.6998563906175204,0.7354433760683761,0.546875,0.3808179515019906,0.0,0.3529411764705882,0.8,0.0,0.5540088105726872,0.6909090909090909,0.0,0.0,0.0,0.717948717948718,0.8843710292249047,0.7407407407407407,0.6,1.0,m2
0.6998563906175204,0.805138063614121,0.546875,0.023887079261672106,0.8553933113518606,0.9411764705882353,0.8,0.0,0.5564601769911504,0.9818181818181818,1.0,0.3561643835616438,0.0,0.8346456692913387,0.8843710292249047,0.0,0.0,1.0,m2
0.7455621301775148,0.0,0.375,0.23519185396746578,0.8823529411764706,0.9411764705882353,0.6216216216216217,0.0,0.49041356361907795,0.38297872340425543,1.0,0.3561643835616438,0.7941176470588235,0.0,0.0,0.0,0.0,1.0,m2
0.27071005917159763,0.5719947159841479,0.0,0.0,0.6816533720087019,0.3529411764705882,0.4054054054054055,0.5119047619047619,0.0,0.0,0.2547169811320755,0.0,0.11764705882352933,0.76041038020519,0.06613226452905785,0.8461538461538461,0.5,1.0,m2
0.0,0.0,0.375,0.0,0.6738577484691475,0.9411764705882353,0.0,0.0,0.38831858407079634,0.0,0.6258503401360545,0.3561643835616438,0.0,0.0,0.0,0.07407407407407407,0.5,1.0,m2
0.3888415672913117,0.0,0.65625,0.0,0.0,0.0,0.08108108108108114,0.0,0.8202805376972531,0.0,0.0,0.20547945205479445,0.7647058823529411,0.0,0.4142312579415499,0.07407407407407407,0.4,1.0,m2
0.7701593433124094,0.0,0.0,0.2860390763765541,0.8432841833857062,1.0,0.825,0.0,0.004752851711026573,0.0,1.0,0.5616438356164384,0.11764705882352933,0.0,0.7925851703406813,0.0,0.8,0.0,m2
0.7233220666344762,1.0,0.546875,0.0,0.0,1.0,0.8,0.9285714285714286,0.5564601769911504,0.8727272727272728,0.0,0.5616438356164384,0.0,1.0,0.8843710292249047,0.07407407407407407,0.6,0.0,m2
0.7233220666344762,0.0,0.546875,0.023887079261672106,0.0,1.0,0.8,0.5119047619047619,0.5564601769911504,0.9818181818181818,0.0,0.5616438356164384,0.0,0.0,0.7925851703406813,0.8461538461538461,0.6,0.0,m2
0.45857988165680463,0.0,0.375,0.16258183649488,0.0,0.3529411764705882,0.16216216216216228,0.0,0.3910132158590308,0.38297872340425543,0.0,0.0,0.7941176470588235,0.0,0.0,0.0,0.6,1.0,m2
0.3880597014925373,0.0,0.0,0.23519185396746578,0.6816533720087019,1.0,0.08108108108108114,0.0,0.0,0.38297872340425543,0.2547169811320755,0.8904109589041096,0.7647058823529411,0.0,0.1518424396442184,0.0,0.5,0.0,m2
0.3875739644970413,0.5719947159841479,0.65625,0.0,0.8579485939892031,0.3529411764705882,0.08108108108108114,0.5119047619047619,0.8202805376972531,0.0,1.0,0.0,0.7647058823529411,0.76041038020519,0.4178356713426854,0.8461538461538461,1.0,1.0,m2
0.0,0.8799699924981246,0.0,0.0,0.8080075365049458,1.0,0.0,0.9285714285714286,0.0,0.0,1.0,0.5616438356164384,0.0,0.7827398913699457,0.1518424396442184,0.07407407407407407,0.8,0.0,m2
0.26865671641791034,0.0,0.375,0.1346431972909098,0.8432841833857062,1.0,0.4054054054054055,0.0,0.3883185840707962,0.38297872340425543,1.0,0.8904109589041096,0.11764705882352933,0.0,0.0,0.0,0.8,0.6666666666666667,m2
0.7462686567164178,0.0,0.0,0.23519185396746578,0.0,1.0,0.6216216216216217,0.0,0.0,0.38297872340425543,0.0,0.8904109589041096,0.7941176470588235,0.0,0.16742493175614215,0.0,0.6,0.6666666666666667,m2
0.5749162278602202,0.7958942683259151,0.546875,0.9256794231835829,0.8579485939892031,0.3529411764705882,0.575,0.0,0.5355542567699202,0.9818181818181818,1.0,0.0,0.7647058823529411,0.8346456692913387,0.8843710292249047,0.0,0.0,1.0,m2
0.46337308347529815,0.0,0.265625,0.16258183649488,0.680390362915523,1.0,0.16216216216216228,0.0,0.2619469026548672,0.38297872340425543,0.16666666666666663,0.5616438356164384,0.7941176470588235,0.0,0.03472222222222199,0.0,0.8,0.5,m2
0.27071005917159763,0.0,0.65625,0.1346431972909098,0.0,0.9411764705882353,0.4054054054054055,0.0,0.8033628318584071,0.38297872340425543,0.0,0.3561643835616438,0.11764705882352933,0.0,0.4142312579415499,0.0,0.4,1.0,m2
0.26873935264054516,0.0,0.375,0.0,0.6816533720087019,1.0,0.4054054054054055,0.0,0.38831858407079634,0.0,0.2547169811320755,0.5616438356164384,0.11764705882352933,0.0,0.0,0.07407407407407407,0.5,0.5,m2
0.3875739644970413,0.0,0.375,0.0,0.6816533720087019,0.9411764705882353,0.08108108108108114,0.0,0.47758418167580263,0.0,0.2547169811320755,0.3561643835616438,0.7647058823529411,0.0,0.0,0.07407407407407407,0.5,1.0,m2
0.0,0.947975651189128,0.0,0.10046637473744169,0.0,1.0,0.0,0.9642857142857143,0.0,0.38297872340425543,0.0,0.8904109589041096,0.0,0.8913043478260869,0.1518424396442184,0.0,0.6,0.6666666666666667,m2
0.0,0.0,0.65625,0.10046637473744169,0.0,0.3529411764705882,0.0,0.0,0.8044052863436124,0.38297872340425543,0.0,0.0,0.0,0.0,0.4142312579415499,0.0,0.4,1.0,m2
0.773056494447127,0.0,0.0,0.0680343311701902,0.0,1.0,0.8,0.0,0.004752851711026573,0.0,0.0,0.5616438356164384,0.7941176470588235,0.0,0.0,0.0,0.6,0.0,m2
0.27071005917159763,0.0,0.65625,0.1346431972909098,0.8432841833857062,0.9411764705882353,0.4054054054054055,0.0,0.8033628318584071,0.38297872340425543,1.0,0.3561643835616438,0.11764705882352933,0.0,0.4142312579415499,0.0,0.0,1.0,m2
0.6998563906175204,0.0,0.546875,0.0,0.0,0.9411764705882353,0.8,0.5119047619047619,0.5564601769911504,0.8727272727272728,0.0,0.3561643835616438,0.0,0.0,0.7925851703406813,0.8461538461538461,0.6,1.0,m2
0.0,0.0,0.8,0.5868845455516395,0.6738577484691475,1.0,0.0,0.7462686567164178,0.26806083650190105,0.38297872340425543,0.8401253918495297,0.3561643835616438,0.0,0.0,0.0,0.8148148148148149,0.5,1.0,m2
0.6998563906175204,0.0,0.546875,0.023887079261672106,0.0,0.3529411764705882,0.8,0.5119047619047619,0.5540088105726872,0.9818181818181818,0.0,0.0,0.0,0.0,0.7925851703406813,0.8461538461538461,0.6,1.0,m2
0.746166950596252,0.0,0.265625,0.0,0.8823529411764706,0.0,0.6216216216216217,0.0,0.38578839805062104,0.0,1.0,0.20547945205479445,0.7941176470588235,0.0,0.16196542311191997,0.07407407407407407,1.0,1.0,m2
0.7701593433124094,0.797347624670724,0.546875,0.09413854351687412,0.8579485939892031,1.0,0.825,0.0,0.5564601769911504,0.9818181818181818,1.0,0.5616438356164384,0.11764705882352933,0.8346456692913387,0.8843710292249047,0.0,0.0,0.0,m2
0.27071005917159763,0.43577040130228606,0.0,0.1346431972909098,0.8432841833857062,0.9411764705882353,0.4054054054054055,0.5119047619047619,0.0,0.38297872340425543,1.0,0.3561643835616438,0.11764705882352933,0.7306763285024155,0.06613226452905785,0.8461538461538461,0.8,1.0,m2
0.0,0.5717500803772371,0.65625,0.0,0.0,1.0,0.0,0.5119047619047619,0.8033628318584071,0.0,0.0,0.5616438356164384,0.0,0.76041038020519,0.4178356713426854,0.8461538461538461,0.4,0.0,m2
0.0,0.5561629153269024,0.0,0.0,0.8553933113518606,1.0,0.0,0.5119047619047619,0.0,0.0,1.0,0.8904109589041096,0.0,0.76041038020519,0.06613226452905785,0.8461538461538461,0.0,0.6666666666666667,m2
0.27071005917159763,0.0,0.375,0.1346431972909098,0.6816533720087019,0.3529411764705882,0.4054054054054055,0.0,0.3910132158590308,0.38297872340425543,0.2547169811320755,0.0,0.11764705882352933,0.0,0.0,0.0,0.5,1.0,m2
0.0,0.0,0.8,0.5868845455516395,0.6738577484691475,1.0,0.0,0.7462686567164178,0.26806083650190105,0.38297872340425543,0.8401253918495297,0.5616438356164384,0.0,0.0,0.0,0.8148148148148149,0.5,0.5,m2
0.6998563906175204,0.7521140981951281,0.546875,0.3808179515019906,0.0,0.9411764705882353,0.8,0.0,0.5564601769911504,0.6909090909090909,0.0,0.3561643835616438,0.0,0.717948717948718,0.8843710292249047,0.7407407407407407,0.6,1.0,m2
0.26865671641791034,0.0,0.0,0.1346431972909098,0.0,1.0,0.4054054054054055,0.0,0.0,0.38297872340425543,0.0,0.8904109589041096,0.11764705882352933,0.0,0.1518424396442184,0.0,0.6,0.6666666666666667,m2
0.7701593433124094,0.0,0.546875,0.4464653641207815,0.0,1.0,0.825,0.5119047619047619,0.5564601769911504,0.6909090909090909,0.0,0.5616438356164384,0.11764705882352933,0.0,0.7925851703406813,0.6153846153846154,0.6,0.0,m2
0.0,0.5717500803772371,0.265625,0.0,0.8080075365049458,1.0,0.0,0.5119047619047619,0.2619469026548672,0.0,1.0,0.5616438356164384,0.0,0.76041038020519,0.22444889779559107,0.8461538461538461,0.0,0.0,m2
0.0,0.0,0.375,0.42675068532165616,0.8080075365049458,0.3529411764705882,0.0,0.0,0.3910132158590308,0.2978723404255319,1.0,0.0,0.0,0.0,0.0,0.7407407407407407,0.8,1.0,m2
0.7272727272727273,0.0,0.546875,0.023887079261672106,0.6738577484691475,1.0,0.8,0.5119047619047619,0.5564601769911504,0.9818181818181818,0.6258503401360545,0.8904109589041096,0.0,0.0,0.7925851703406813,0.8461538461538461,0.5,0.0,m2
0.0,0.8810872027180068,0.0,0.10046637473744169,0.0,1.0,0.0,0.9285714285714286,0.0,0.38297872340425543,0.0,0.8904109589041096,0.0,0.7826086956521738,0.1518424396442184,0.0,0.6,0.6666666666666667,m2
0.27071005917159763,0.0,0.0,0.4589227133232212,0.0,0.9411764705882353,0.4054054054054055,0.0,0.0,0.2978723404255319,0.0,0.3561643835616438,0.11764705882352933,0.0,0.1518424396442184,0.7407407407407407,0.6,1.0,m2
0.0,0.5561946270362961,0.0,0.42675068532165616,0.0,0.9411764705882353,0.0,0.5119047619047619,0.0,0.2978723404255319,0.0,0.3561643835616438,0.0,0.76041038020519,0.06613226452905785,0.6153846153846154,0.6,1.0,m2
0.7455621301775148,0.8810956189397693,0.9076923076923077,0.44914938532224025,0.0,1.0,0.6216216216216217,1.0,0.9263136288998358,0.38297872340425543,0.0,0.3561643835616438,0.7941176470588235,0.7826086956521738,0.16196542311191997,0.8148148148148149,0.4,1.0,runif
0.3888415672913117,0.5717500803772371,0.265625,0.0,0.8432841833857062,1.0,0.08108108108108114,0.5119047619047619,0.34230618637431465,0.0,1.0,0.5616438356164384,0.7647058823529411,0.76041038020519,0.22444889779559107,0.8461538461538461,0.0,0.0,runif
0.45857988165680463,0.5719947159841479,0.65625,0.4250881316098708,0.0,0.3529411764705882,0.16216216216216228,0.5119047619047619,0.8044052863436124,0.2978723404255319,0.0,0.0,0.7941176470588235,0.76041038020519,0.8870967741935484,0.6153846153846154,0.4,1.0,runif
0.3880597014925373,0.8810872027180068,0.7230769230769231,0.44914938532224025,0.8432841833857062,1.0,0.08108108108108114,1.0,0.1269205076820309,0.38297872340425543,1.0,0.8904109589041096,0.7647058823529411,0.7826086956521738,0.1518424396442184,0.8148148148148149,0.8,0.6666666666666667,runif
0.7455621301775148,0.8810956189397693,0.7230769230769231,0.44914938532224025,0.8823529411764706,1.0,0.6216216216216217,1.0,0.728448275862069,0.38297872340425543,1.0,0.3561643835616438,0.7941176470588235,0.7826086956521738,0.16742493175614215,0.8148148148148149,0.8,1.0,runif
0.46337308347529815,0.8810998266039138,0.265625,0.16258183649488,0.8555962183592558,1.0,0.16216216216216228,0.9285714285714286,0.2619469026548672,0.38297872340425543,1.0,0.5616438356164384,0.7941176470588235,0.7826086956521738,0.03472222222222199,0.0,1.0,0.0,runif
0.3875739644970413,0.9464489854244069,0.65625,0.3686824785794115,0.8579485939892031,0.9411764705882353,0.08108108108108114,0.9642857142857143,0.8192051683633517,0.2978723404255319,1.0,0.3561643835616438,0.7647058823529411,0.8913699456849729,0.4142312579415499,0.7407407407407407,1.0,1.0,runif
0.7462686567164178,0.947975651189128,0.265625,0.23519185396746578,0.8823529411764706,1.0,0.6216216216216217,0.9642857142857143,0.3809221993344952,0.38297872340425543,1.0,0.8904109589041096,0.7941176470588235,0.8913043478260869,0.16196542311191997,0.0,0.0,0.6666666666666667,runif
0.0,0.0,0.65625,0.42675068532165616,0.6738577484691475,1.0,0.0,0.0,0.8035398230088495,0.2978723404255319,0.8401253918495297,0.8904109589041096,0.0,0.0,0.4142312579415499,0.7407407407407407,0.8,0.0,runif
0.27071005917159763,0.9479085568688513,0.65625,0.1346431972909098,0.8579485939892031,0.9411764705882353,0.4054054054054055,0.9642857142857143,0.8033628318584071,0.38297872340425543,1.0,0.3561643835616438,0.11764705882352933,0.8913043478260869,0.4142312579415499,0.0,1.0,1.0,runif
0.45857988165680463,0.880038559034596,0.375,0.4250881316098708,0.680390362915523,0.3529411764705882,0.16216216216216228,0.9285714285714286,0.3910132158590308,0.2978723404255319,0.7857142857142857,0.0,0.7941176470588235,0.7827398913699457,0.0,0.7407407407407407,0.5,1.0,runif
0.45857988165680463,0.5561946270362961,0.265625,0.4250881316098708,0.680390362915523,0.9411764705882353,0.16216216216216228,0.5119047619047619,0.2619469026548672,0.2978723404255319,0.7857142857142857,0.3561643835616438,0.7941176470588235,0.76041038020519,0.6370967741935483,0.6153846153846154,0.8,1.0,runif
0.6998563906175204,0.0,0.0,0.28020267824828093,0.6738577484691475,0.9259259259259259,0.8,0.0,0.004715498270983942,0.0,0.8401253918495297,0.0,0.0,0.0,0.7925851703406813,0.0,0.5,1.0,runif
0.0,0.9465528937127352,0.65625,0.42675068532165616,0.6738577484691475,0.3529411764705882,0.0,0.9642857142857143,0.8044052863436124,0.2978723404255319,0.8401253918495297,0.0,0.0,0.8913699456849729,0.4142312579415499,0.7407407407407407,0.8,1.0,runif
0.746166950596252,0.0,0.7230769230769231,0.44914938532224025,0.9411764705882353,0.0,0.6216216216216217,0.7462686567164178,0.7210483543275092,0.38297872340425543,0.8401253918495297,0.20547945205479445,0.7941176470588235,0.0,0.16742493175614215,0.8148148148148149,0.5,1.0,runif
0.3888415672913117,0.5561946270362961,0.65625,0.0,0.6816533720087019,0.0,0.08108108108108114,0.5119047619047619,0.8202805376972531,0.0,0.2547169811320755,0.20547945205479445,0.7647058823529411,0.76041038020519,0.4178356713426854,0.8461538461538461,0.8,1.0,runif
0.746166950596252,0.5717500803772371,0.0,0.3686824785794115,0.9411764705882353,1.0,0.6216216216216217,0.5119047619047619,0.0,0.2978723404255319,0.8401253918495297,0.5616438356164384,0.7941176470588235,0.76041038020519,0.021032504780114647,0.6153846153846154,0.5,0.5,runif
0.0,0.8810956189397693,0.265625,0.10046637473744169,0.0,0.0,0.0,0.9285714285714286,0.26537444933920706,0.38297872340425543,0.0,0.20547945205479445,0.0,0.7826086956521738,0.18360864040660718,0.0,0.4,1.0,runif
0.7455621301775148,0.9480106100795755,0.65625,0.23519185396746578,0.8823529411764706,0.3529411764705882,0.6216216216216217,0.9642857142857143,0.7860399308284861,0.38297872340425543,1.0,0.0,0.7941176470588235,0.8913043478260869,0.415832575068244,0.0,1.0,1.0,runif
0.7455621301775148,0.9479085568688513,1.0,0.44914938532224025,0.8823529411764706,1.0,0.6216216216216217,1.0,0.9952791461412152,0.38297872340425543,1.0,0.3561643835616438,0.7941176470588235,0.8913043478260869,0.415832575068244,0.8148148148148149,1.0,1.0,runif
0.3888415672913117,0.5717500803772371,0.65625,0.3686824785794115,0.0,1.0,0.08108108108108114,0.5119047619047619,0.8192051683633517,0.2978723404255319,0.0,0.5616438356164384,0.7647058823529411,0.76041038020519,0.4178356713426854,0.6153846153846154,0.4,0.0,runif
0.26873935264054516,0.9465223448719323,0.375,0.0,0.8579485939892031,1.0,0.4054054054054055,0.9642857142857143,0.38831858407079634,0.0,1.0,0.5616438356164384,0.11764705882352933,0.8913699456849729,0.0,0.07407407407407407,0.0,0.0,runif
0.46337308347529815,0.43577040130228606,0.375,0.16258183649488,0.0,0.0,0.16216216216216228,0.5119047619047619,0.3910132158590308,0.38297872340425543,0.0,0.20547945205479445,0.7941176470588235,0.7306763285024155,1.0,0.8461538461538461,0.6,1.0,runif
0.7727272727272727,0.0,0.546875,0.4464653641207815,0.6816533720087019,1.0,0.825,0.5119047619047619,0.5564601769911504,0.6909090909090909,0.7302158273381295,0.8904109589041096,0.11764705882352933,0.0,0.7925851703406813,0.6153846153846154,0.5,0.0,runif
0.7599329822881762,0.0,0.546875,0.0,0.6816533720087019,0.9411764705882353,0.825,0.5119047619047619,0.5564601769911504,0.8727272727272728,0.2547169811320755,0.3561643835616438,0.11764705882352933,0.0,0.7925851703406813,0.8461538461538461,0.5,1.0,runif
0.746166950596252,0.5717500803772371,0.265625,0.3686824785794115,0.9411764705882353,1.0,0.6216216216216217,0.5119047619047619,0.3806052923466964,0.2978723404255319,0.8401253918495297,0.5616438356164384,0.7941176470588235,0.76041038020519,0.2160611854684512,0.6153846153846154,0.8,0.5,runif
0.46337308347529815,0.0,0.65625,0.16258183649488,0.8555962183592558,0.0,0.16216216216216228,0.0,0.8044052863436124,0.38297872340425543,1.0,0.20547945205479445,0.7941176470588235,0.0,0.38368055555555547,0.0,1.0,1.0,runif
0.0,0.0,0.546875,0.7459789240155297,0.0,1.0,0.0,0.5119047619047619,0.42925051497385536,0.8727272727272728,0.0,0.5616438356164384,0.7941176470588235,0.0,0.6558317399617591,0.8461538461538461,0.6,0.0,runif
0.4626865671641791,0.5561629153269024,0.0,0.0,0.0,1.0,0.16216216216216228,0.5119047619047619,0.0,0.0,0.0,0.8904109589041096,0.7941176470588235,0.76041038020519,0.379032258064516,0.8461538461538461,0.6,0.6666666666666667,runif
0.3880597014925373,0.9465166130760986,0.0,0.0,0.8432841833857062,1.0,0.08108108108108114,0.9642857142857143,0.0,0.0,1.0,0.8904109589041096,0.7647058823529411,0.8913699456849729,0.1518424396442184,0.07407407407407407,0.8,0.6666666666666667,runif
0.773056494447127,0.0,0.0,0.0680343311701902,0.0,1.0,0.8,0.0,0.004752851711026573,0.0,0.0,0.5616438356164384,0.7941176470588235,0.0,0.0,0.0,0.6,0.0,runif
0.7701593433124094,0.7521140981951281,0.546875,0.0,0.6816533720087019,0.0,0.825,0.0,0.5540088105726872,0.8727272727272728,0.2547169811320755,0.20547945205479445,0.11764705882352933,0.717948717948718,0.8843710292249047,0.07407407407407407,0.5,1.0,runif
0.0,0.8810956189397693,0.9076923076923077,0.5868845455516395,0.8080075365049458,0.0,0.0,1.0,0.24740647595095888,0.38297872340425543,1.0,0.20547945205479445,0.0,0.7826086956521738,0.18360864040660718,0.8148148148148149,0.0,1.0,runif
0.0,0.0,0.0,0.0,0.8553933113518606,1.0,0.0,0.0,0.0,0.0,1.0,0.5616438356164384,0.0,0.0,0.1518424396442184,0.07407407407407407,0.0,0.0,runif
0.45857988165680463,0.9465528937127352,0.375,0.4250881316098708,0.8459896309850564,0.3529411764705882,0.16216216216216228,0.9642857142857143,0.3910132158590308,0.2978723404255319,1.0,0.0,0.7941176470588235,0.8913699456849729,0.0,0.7407407407407407,0.8,1.0,runif
0.26865671641791034,0.947975651189128,0.9076923076923077,0.586969558009101,0.8432841833857062,1.0,0.4054054054054055,1.0,0.2414448669201522,0.38297872340425543,1.0,0.8904109589041096,0.11764705882352933,0.8913043478260869,0.18360864040660718,0.8148148148148149,0.0,0.6666666666666667,runif
0.45857988165680463,0.0,1.0,0.5566560349169045,0.680390362915523,0.9259259259259259,0.16216216216216228,0.7462686567164178,0.8616787173844702,0.38297872340425543,0.7857142857142857,0.0,0.7941176470588235,0.0,0.38368055555555547,0.8148148148148149,0.8,1.0,runif
0.4626865671641791,0.4357304643261608,0.7230769230769231,0.5566560349169045,0.8555962183592558,1.0,0.16216216216216228,0.0,0.0,0.38297872340425543,1.0,0.8904109589041096,0.7941176470588235,0.7306763285024155,0.379032258064516,0.0,0.0,0.6666666666666667,runif
0.0,0.9479085568688513,0.7230769230769231,0.5868845455516395,0.0,1.0,0.0,1.0,0.0,0.38297872340425543,0.0,0.3561643835616438,0.0,0.8913043478260869,0.1518424396442184,0.8148148148148149,0.6,1.0,runif
0.27071005917159763,0.9480106100795755,0.9076923076923077,0.586969558009101,0.8432841833857062,0.9259259259259259,0.4054054054054055,1.0,0.24740647595095888,0.38297872340425543,1.0,0.0,0.11764705882352933,0.8913043478260869,0.18360864040660718,0.8148148148148149,0.0,1.0,runif
0.0,0.0,0.265625,0.42675068532165616,0.8080075365049458,0.0,0.0,0.0,0.26537444933920706,0.2978723404255319,1.0,0.20547945205479445,0.0,0.0,0.18360864040660718,0.7407407407407407,0.0,1.0,runif
0.3888415672913117,0.0,0.0,0.3686824785794115,0.0,0.0,0.08108108108108114,0.0,0.0,0.2978723404255319,0.0,0.20547945205479445,0.7647058823529411,0.0,0.1518424396442184,0.7407407407407407,0.6,1.0,runif
0.7233220666344762,0.797347624670724,0.0,0.28020267824828093,0.8080075365049458,1.0,0.8,0.7462686567164178,0.004752851711026573,0.0,1.0,0.5616438356164384,0.0,0.8346456692913387,0.8843710292249047,0.8148148148148149,0.8,0.0,runif
0.3888415672913117,0.8810956189397693,1.0,0.44914938532224025,0.0,0.0,0.08108108108108114,1.0,0.9163630341172574,0.38297872340425543,0.0,0.20547945205479445,0.7647058823529411,0.7826086956521738,0.4142312579415499,0.8148148148148149,0.4,1.0,runif
0.45857988165680463,0.0,0.265625,0.4250881316098708,0.680390362915523,0.3529411764705882,0.16216216216216228,0.0,0.26537444933920706,0.2978723404255319,0.7857142857142857,0.0,0.7941176470588235,0.0,0.03472222222222199,0.7407407407407407,0.8,1.0,runif
0.7448539971278123,0.0,0.0,0.0680343311701902,0.8459896309850564,0.9259259259259259,0.8,0.0,0.004715498270983942,0.0,1.0,0.0,0.7941176470588235,0.0,0.0,0.0,0.8,1.0,runif
0.0,1.0,0.546875,0.6367165834719911,0.0,0.3529411764705882,0.0,0.9285714285714286,0.4258764345228736,0.6909090909090909,0.0,0.0,0.7941176470588235,1.0,0.8589626933575978,0.7407407407407407,0.6,1.0,runif
0.5915016900048287,0.7521140981951281,0.546875,0.6367165834719911,0.8432841833857062,0.0,0.575,0.0,0.5355542567699202,0.6909090909090909,1.0,0.20547945205479445,0.7647058823529411,0.717948717948718,0.8843710292249047,0.7407407407407407,0.8,1.0,runif
0.746166950596252,0.5717500803772371,0.65625,0.0,0.0,1.0,0.6216216216216217,0.5119047619047619,0.7840278878149263,0.0,0.0,0.5616438356164384,0.7941176470588235,0.76041038020519,0.424474187380497,0.8461538461538461,0.4,0.0,runif
0.26873935264054516,0.9479811741392122,0.0,0.1346431972909098,0.8432841833857062,1.0,0.4054054054054055,0.9642857142857143,0.0,0.38297872340425543,1.0,0.5616438356164384,0.11764705882352933,0.8913043478260869,0.1518424396442184,0.0,0.8,0.0,runif
0.7455621301775148,0.8799657044869963,0.265625,0.3686824785794115,0.0,0.9411764705882353,0.6216216216216217,0.9285714285714286,0.3806052923466964,0.2978723404255319,0.0,0.3561643835616438,0.7941176470588235,0.7827398913699457,0.16196542311191997,0.7407407407407407,0.4,1.0,runif
0.26873935264054516,0.9479811741392122,0.7230769230769231,0.586969558009101,0.0,1.0,0.4054054054054055,1.0,0.0,0.38297872340425543,0.0,0.5616438356164384,0.11764705882352933,0.8913043478260869,0.1518424396442184,0.8148148148148149,0.6,0.0,runif
0.26873935264054516,0.43577040130228606,0.265625,0.1346431972909098,0.0,0.0,0.4054054054054055,0.5119047619047619,0.26537444933920706,0.38297872340425543,0.0,0.20547945205479445,0.11764705882352933,0.7306763285024155,0.22444889779559107,0.8461538461538461,0.4,1.0,runif
0.7233220666344762,0.9914615314742483,0.0,0.28020267824828093,0.8553933113518606,1.0,0.8,1.0,0.004752851711026573,0.0,1.0,0.5616438356164384,0.0,1.0,0.8843710292249047,0.8148148148148149,0.0,0.0,runif
0.3880597014925373,0.4357304643261608,0.375,0.23519185396746578,0.8579485939892031,1.0,0.08108108108108114,0.5119047619047619,0.47758418167580274,0.38297872340425543,1.0,0.8904109589041096,0.7647058823529411,0.7306763285024155,0.0,0.8461538461538461,0.0,0.6666666666666667,runif
0.26873935264054516,0.8810998266039138,0.7230769230769231,0.586969558009101,0.0,1.0,0.4054054054054055,1.0,0.0,0.38297872340425543,0.0,0.5616438356164384,0.11764705882352933,0.7826086956521738,0.1518424396442184,0.8148148148148149,0.6,0.0,runif
0.4626865671641791,0.5561629153269024,0.65625,0.4250881316098708,0.0,1.0,0.16216216216216228,0.5119047619047619,0.8035398230088495,0.2978723404255319,0.0,0.8904109589041096,0.7941176470588235,0.76041038020519,0.8870967741935484,0.6153846153846154,0.4,0.6666666666666667,runif
0.0,0.9916113247116393,0.546875,0.9256794231835829,0.8823529411764706,0.9411764705882353,0.0,0.9642857142857143,0.42925051497385536,0.9818181818181818,1.0,0.3561643835616438,0.7941176470588235,1.0,0.8589626933575978,0.0,0.8,1.0,runif
0.7455621301775148,0.9479085568688513,0.9076923076923077,0.44914938532224025,0.0,1.0,0.6216216216216217,1.0,0.9263136288998358,0.38297872340425543,0.0,0.3561643835616438,0.7941176470588235,0.8913043478260869,0.16196542311191997,0.8148148148148149,0.4,1.0,runif
0.746166950596252,0.9479085568688513,0.9076923076923077,0.44914938532224025,0.8823529411764706,0.0,0.6216216216216217,1.0,0.9274685087362861,0.38297872340425543,1.0,0.20547945205479445,0.7941176470588235,0.8913043478260869,0.16196542311191997,0.8148148148148149,1.0,1.0,runif
0.746166950596252,0.43577040130228606,1.0,0.44914938532224025,0.0,0.0,0.6216216216216217,0.0,0.9957334416903698,0.38297872340425543,0.0,0.20547945205479445,0.7941176470588235,0.7306763285024155,0.424474187380497,0.0,0.4,1.0,runif
0.0,0.0,0.375,0.0,0.0,1.0,0.0,0.0,0.38831858407079634,0.0,0.0,0.5616438356164384,0.0,0.0,0.0,0.07407407407407407,0.6,0.0,runif
0.27071005917159763,0.8810956189397693,0.8,0.586969558009101,0.8579485939892031,1.0,0.4054054054054055,1.0,0.26806083650190105,0.38297872340425543,1.0,0.3561643835616438,0.11764705882352933,0.7826086956521738,0.0,0.8148148148148149,0.0,1.0,runif
0.27071005917159763,0.8811671087533156,0.65625,0.1346431972909098,0.8579485939892031,0.3529411764705882,0.4054054054054055,0.9285714285714286,0.8044052863436124,0.38297872340425543,1.0,0.0,0.11764705882352933,0.7826086956521738,0.4142312579415499,0.0,1.0,1.0,runif
0.0,0.43577040130228606,0.265625,0.10046637473744169,0.6738577484691475,0.9411764705882353,0.0,0.5119047619047619,0.2619469026548672,0.38297872340425543,0.6258503401360545,0.3561643835616438,0.0,0.7306763285024155,0.22444889779559107,0.8461538461538461,0.8,1.0,runif
0.0,0.43577040130228606,0.9076923076923077,0.5868845455516395,0.8553933113518606,1.0,0.0,0.0,0.24112801013941698,0.38297872340425543,1.0,0.3561643835616438,0.0,0.7306763285024155,0.22444889779559107,0.0,1.0,1.0,runif
0.7455621301775148,0.45149425287356315,0.375,0.23519185396746578,0.8823529411764706,0.3529411764705882,0.6216216216216217,0.5119047619047619,0.4944191164911177,0.38297872340425543,1.0,0.0,0.7941176470588235,0.7306763285024155,0.0,0.8461538461538461,0.0,1.0,runif
0.3875739644970413,0.9464489854244069,0.265625,0.3686824785794115,0.0,0.9411764705882353,0.08108108108108114,0.9642857142857143,0.34230618637431465,0.2978723404255319,0.0,0.3561643835616438,0.7647058823529411,0.8913699456849729,0.18360864040660718,0.7407407407407407,0.4,1.0,runif
0.3875739644970413,0.9480106100795755,0.7230769230769231,0.44914938532224025,0.8432841833857062,0.9259259259259259,0.08108108108108114,1.0,0.125869493209672,0.38297872340425543,1.0,0.0,0.7647058823529411,0.8913043478260869,0.1518424396442184,0.8148148148148149,0.8,1.0,runif
0.3888415672913117,0.9479811741392122,0.8,0.44914938532224025,0.6816533720087019,1.0,0.08108108108108114,1.0,0.4914829659318638,0.38297872340425543,0.7302158273381295,0.5616438356164384,0.7647058823529411,0.8913043478260869,0.0,0.8148148148148149,0.5,0.5,runif
0.0,0.4357304643261608,0.265625,0.10046637473744169,0.6738577484691475,1.0,0.0,0.5119047619047619,0.26212389380530954,0.38297872340425543,0.6258503401360545,0.8904109589041096,0.0,0.7306763285024155,0.22444889779559107,0.8461538461538461,0.8,0.0,runif
0.46337308347529815,0.0,0.265625,0.4250881316098708,0.0,0.0,0.16216216216216228,0.0,0.26537444933920706,0.2978723404255319,0.0,0.20547945205479445,0.7941176470588235,0.0,0.03472222222222199,0.7407407407407407,0.4,1.0,runif
0.0,0.8799699924981246,0.375,0.0,0.0,1.0,0.0,0.9285714285714286,0.38831858407079634,0.0,0.0,0.5616438356164384,0.0,0.7827398913699457,0.0,0.07407407407407407,0.6,0.0,runif
0.4626865671641791,0.9465166130760986,0.65625,0.0,0.0,1.0,0.16216216216216228,0.9642857142857143,0.8035398230088495,0.0,0.0,0.8904109589041096,0.7941176470588235,0.8913699456849729,0.38368055555555547,0.07407407407407407,0.4,0.6666666666666667,runif
0.3875739644970413,0.5719947159841479,0.65625,0.0,0.8432841833857062,0.3529411764705882,0.08108108108108114,0.5119047619047619,0.8202805376972531,0.0,1.0,0.0,0.7647058823529411,0.76041038020519,0.4178356713426854,0.8461538461538461,0.0,1.0,runif
0.0,0.0,0.265625,0.0,0.8080075365049458,0.9411764705882353,0.0,0.0,0.2619469026548672,0.0,1.0,0.3561643835616438,0.0,0.0,0.18360864040660718,0.07407407407407407,0.0,1.0,runif
0.0,0.0,1.0,0.5868845455516395,0.8553933113518606,1.0,0.0,0.7462686567164178,0.8602661596958174,0.38297872340425543,1.0,0.3561643835616438,0.0,0.0,0.4142312579415499,0.8148148148148149,1.0,1.0,runif
0.0,0.8810872027180068,0.0,0.10046637473744169,0.6738577484691475,1.0,0.0,0.9285714285714286,0.0,0.38297872340425543,0.6258503401360545,0.8904109589041096,0.0,0.7826086956521738,0.1518424396442184,0.0,0.5,0.0,runif
0.5749162278602202,1.0,0.546875,0.9256794231835829,0.6816533720087019,0.9411764705882353,0.575,0.9285714285714286,0.538175411119812,0.9818181818181818,0.2547169811320755,0.3561643835616438,0.7647058823529411,1.0,0.8843710292249047,0.0,0.5,1.0,runif
0.3875739644970413,0.8810956189397693,0.7230769230769231,0.44914938532224025,0.8432841833857062,1.0,0.08108108108108114,1.0,0.12692050768203078,0.38297872340425543,1.0,0.3561643835616438,0.7647058823529411,0.7826086956521738,0.1518424396442184,0.8148148148148149,0.8,1.0,runif
0.4626865671641791,0.947975651189128,0.375,0.16258183649488,0.8459896309850564,1.0,0.16216216216216228,0.9642857142857143,0.3883185840707962,0.38297872340425543,1.0,0.8904109589041096,0.7941176470588235,0.8913043478260869,0.0,0.0,0.8,0.6666666666666667,runif
0.26873935264054516,0.5561946270362961,0.265625,0.0,0.6816533720087019,0.0,0.4054054054054055,0.5119047619047619,0.26537444933920706,0.0,0.2547169811320755,0.20547945205479445,0.11764705882352933,0.76041038020519,0.22444889779559107,0.8461538461538461,0.8,1.0,runif
0.5909090909090909,0.9847280070680298,0.546875,0.6367165834719911,0.6816533720087019,1.0,0.575,0.9642857142857143,0.538175411119812,0.6909090909090909,0.7302158273381295,0.8904109589041096,0.7647058823529411,1.0,0.8843710292249047,0.7407407407407407,0.5,0.0,runif
0.3888415672913117,0.4511836936905056,0.0,0.23519185396746578,0.8432841833857062,1.0,0.08108108108108114,0.5119047619047619,0.0,0.38297872340425543,1.0,0.5616438356164384,0.7647058823529411,0.7306763285024155,0.06613226452905785,0.8461538461538461,0.8,0.0,runif
0.27071005917159763,0.9465528937127352,0.375,0.0,0.0,0.3529411764705882,0.4054054054054055,0.9642857142857143,0.3910132158590308,0.0,0.0,0.0,0.11764705882352933,0.8913699456849729,0.0,0.07407407407407407,0.6,1.0,runif
0.7599329822881762,1.0,0.0,0.2860390763765541,0.8432841833857062,0.9259259259259259,0.825,1.0,0.004715498270983942,0.0,1.0,0.0,0.11764705882352933,1.0,0.8843710292249047,0.8148148148148149,0.8,1.0,runif
0.5909090909090909,0.7523665278303673,0.546875,0.6367165834719911,0.0,1.0,0.575,0.0,0.538175411119812,0.6909090909090909,0.0,0.8904109589041096,0.7647058823529411,0.717948717948718,0.8843710292249047,0.7407407407407407,0.6,0.6666666666666667,runif
0.0,0.0,0.9076923076923077,0.5868845455516395,0.8553933113518606,1.0,0.0,0.7462686567164178,0.24112801013941698,0.38297872340425543,1.0,0.5616438356164384,0.0,0.0,0.18360864040660718,0.8148148148148149,1.0,0.0,runif
0.4626865671641791,0.8810872027180068,0.375,0.16258183649488,0.8459896309850564,1.0,0.16216216216216228,0.9285714285714286,0.3883185840707962,0.38297872340425543,1.0,0.8904109589041096,0.7941176470588235,0.7826086956521738,0.0,0.0,0.8,0.6666666666666667,runif
0.0,0.0,0.546875,0.9256794231835829,0.8823529411764706,0.0,0.0,0.5119047619047619,0.4258764345228736,0.9818181818181818,1.0,0.20547945205479445,0.7941176470588235,0.0,0.6558317399617591,0.8461538461538461,0.8,1.0,runif
0.5915016900048287,1.0,0.546875,0.9256794231835829,0.6816533720087019,0.0,0.575,0.9285714285714286,0.5355542567699202,0.9818181818181818,0.2547169811320755,0.20547945205479445,0.7647058823529411,1.0,0.8843710292249047,0.0,0.5,1.0,runif
0.3888415672913117,0.0,0.375,0.3686824785794115,0.0,0.0,0.08108108108108114,0.0,0.4801285797779077,0.2978723404255319,0.0,0.20547945205479445,0.7647058823529411,0.0,0.0,0.7407407407407407,0.6,1.0,runif
0.773056494447127,0.0,0.0,0.0680343311701902,0.8459896309850564,0.0,0.8,0.0,0.004715498270983942,0.0,1.0,0.20547945205479445,0.7941176470588235,0.0,0.0,0.0,0.8,1.0,runif
0.746166950596252,0.5717500803772371,0.265625,0.0,0.9411764705882353,1.0,0.6216216216216217,0.5119047619047619,0.3806052923466964,0.0,0.6258503401360545,0.5616438356164384,0.7941176470588235,0.76041038020519,0.2160611854684512,0.8461538461538461,0.8,0.5,runif
0.0,0.0,0.0,0.42675068532165616,0.8553933113518606,0.3529411764705882,0.0,0.0,0.0,0.2978723404255319,1.0,0.0,0.0,0.0,0.1518424396442184,0.7407407407407407,0.0,1.0,runif
0.46337308347529815,0.0,0.0,0.0,0.0,0.0,0.16216216216216228,0.0,0.0,0.0,0.0,0.20547945205479445,0.7941176470588235,0.0,0.16666666666666652,0.07407407407407407,0.6,1.0,runif
0.0,0.4357304643261608,0.7230769230769231,0.5868845455516395,0.8553933113518606,1.0,0.0,0.0,0.0,0.38297872340425543,1.0,0.8904109589041096,0.0,0.7306763285024155,0.06613226452905785,0.0,0.0,0.6666666666666667,runif
0.5749162278602202,0.805138063614121,0.546875,0.9256794231835829,0.8432841833857062,0.9411764705882353,0.575,0.0,0.538175411119812,0.9818181818181818,1.0,0.3561643835616438,0.7647058823529411,0.8346456692913387,0.8843710292249047,0.0,0.8,1.0,runif
0.773056494447127,0.797347624670724,0.0,0.0680343311701902,0.8555962183592558,1.0,0.8,0.7462686567164178,0.004752851711026573,0.0,1.0,0.5616438356164384,0.7941176470588235,0.8346456692913387,0.828125,0.8148148148148149,0.0,0.0,runif
0.45857988165680463,0.8799657044869963,0.375,0.0,0.8555962183592558,0.9411764705882353,0.16216216216216228,0.9285714285714286,0.38831858407079634,0.0,1.0,0.3561643835616438,0.7941176470588235,0.7827398913699457,0.0,0.07407407407407407,0.0,1.0,runif
