0,1,2,3,4,5,6,7,8,9,10,11,12,13,14,15,16,17,18,19,20,y
0.773056494447127,0.0,0.546875,0.3561858907263973,0.0,0.0,0.6363636363636364,0.8,0.5119047619047619,0.5540088105726872,0.6909090909090909,0.0,0.20547945205479445,0.8068181818181819,0.7941176470588235,0.0,0.0,0.6153846153846154,0.6,1.0,0.6,qsampled
0.7455621301775148,0.0,0.0,0.23519185396746578,0.0,0.3529411764705882,0.04040404040404033,0.6216216216216217,0.0,0.0,0.38297872340425543,0.0,0.0,0.18181818181818177,0.7941176470588235,0.0,0.11917562724014319,0.0,0.6,1.0,0.09999999999999998,qsampled
0.7448539971278123,0.0,0.546875,0.3561858907263973,0.680390362915523,0.9411764705882353,0.3939393939393939,0.8,0.5119047619047619,0.5564601769911504,0.6909090909090909,0.7857142857142857,0.3561643835616438,0.6136363636363636,0.7941176470588235,0.0,0.1448275862068964,0.6153846153846154,0.5,1.0,0.0,qsampled
0.3888415672913117,0.0,0.265625,0.0,0.8432841833857062,0.0,0.0,0.08108108108108114,0.0,0.34570426651081243,0.0,1.0,0.20547945205479445,0.0,0.7647058823529411,0.0,0.16561910747957254,0.07407407407407407,0.0,1.0,1.0,qsampled
0.45857988165680463,0.0,0.265625,0.0,0.0,0.3529411764705882,0.0,0.16216216216216228,0.0,0.26537444933920706,0.0,0.0,0.0,0.0,0.7941176470588235,0.0,0.0,0.07407407407407407,0.4,1.0,1.0,qsampled
0.0,0.0,0.0,0.42675068532165616,0.8553933113518606,0.9411764705882353,0.04040404040404033,0.0,0.0,0.0,0.2978723404255319,1.0,0.3561643835616438,0.18181818181818177,0.0,0.0,0.11816467630421101,0.7407407407407407,0.0,1.0,0.09999999999999998,qsampled
0.746166950596252,0.0,0.265625,0.23519185396746578,0.0,1.0,0.0,0.6216216216216217,0.0,0.3806052923466964,0.38297872340425543,0.0,0.5616438356164384,0.0,0.7941176470588235,0.0,0.13664874551971318,0.0,0.4,0.0,0.7,qsampled
0.26873935264054516,0.887459807073955,0.375,0.1346431972909098,0.0,0.0,0.04040404040404033,0.4054054054054055,0.9285714285714286,0.3910132158590308,0.38297872340425543,0.0,0.20547945205479445,0.18181818181818177,0.11764705882352933,0.7826086956521738,0.0,0.0,0.6,1.0,0.09999999999999998,qsampled
0.27071005917159763,0.0,0.375,0.4589227133232212,0.6816533720087019,0.9411764705882353,0.8585858585858586,0.4054054054054055,0.0,0.38831858407079634,0.2978723404255319,0.7302158273381295,0.3561643835616438,0.9204545454545454,0.11764705882352933,0.0,0.0,0.7407407407407407,0.5,1.0,0.4,qsampled
0.6998563906175204,0.0,0.546875,0.3808179515019906,0.6738577484691475,0.3529411764705882,0.3939393939393939,0.8,0.5119047619047619,0.5540088105726872,0.6909090909090909,0.8401253918495297,0.0,0.6136363636363636,0.0,0.0,0.7960591133004926,0.6153846153846154,0.5,1.0,0.0,qsampled
0.27071005917159763,0.5595133491044271,0.0,0.4589227133232212,0.0,0.9411764705882353,0.0,0.4054054054054055,0.5119047619047619,0.0,0.2978723404255319,0.0,0.3561643835616438,0.0,0.11764705882352933,0.76041038020519,0.01477832512315258,0.6153846153846154,0.6,1.0,0.7,qsampled
0.0,0.6824554126918292,0.0,0.0,0.8823529411764706,1.0,0.04040404040404033,0.0,0.7462686567164178,0.0,0.0,1.0,0.3561643835616438,0.18181818181818177,0.7941176470588235,0.8346456692913387,0.8611111111111112,0.8148148148148149,0.8,1.0,0.09999999999999998,qsampled
0.7455621301775148,0.5557335041639974,0.265625,0.0,0.0,0.9411764705882353,0.8585858585858586,0.6216216216216217,0.5119047619047619,0.3806052923466964,0.0,0.0,0.3561643835616438,0.9204545454545454,0.7941176470588235,0.76041038020519,0.2293233082706767,0.8461538461538461,0.4,1.0,0.9090909090909091,qsampled
0.3888415672913117,0.0,0.265625,0.23519185396746578,0.0,0.0,0.04040404040404033,0.08108108108108114,0.0,0.34570426651081243,0.38297872340425543,0.0,0.20547945205479445,0.18181818181818177,0.7647058823529411,0.0,0.16561910747957254,0.0,0.4,1.0,0.09999999999999998,qsampled
0.27071005917159763,0.5595133491044271,0.265625,0.0,0.0,0.9411764705882353,0.04040404040404033,0.4054054054054055,0.5119047619047619,0.2619469026548672,0.0,0.0,0.3561643835616438,0.18181818181818177,0.11764705882352933,0.76041038020519,0.19556650246305418,0.8461538461538461,0.4,1.0,0.7272727272727273,qsampled
0.26873935264054516,0.0,0.265625,0.0,0.0,1.0,0.04040404040404033,0.4054054054054055,0.0,0.2619469026548672,0.0,0.0,0.5616438356164384,0.18181818181818177,0.11764705882352933,0.0,0.16561910747957254,0.07407407407407407,0.4,0.0,0.7272727272727273,qsampled
0.46337308347529815,0.0,0.0,0.4250881316098708,0.8459896309850564,1.0,0.04040404040404033,0.16216216216216228,0.0,0.0,0.2978723404255319,1.0,0.5616438356164384,0.18181818181818177,0.7941176470588235,0.0,0.0843776106934001,0.7407407407407407,0.8,0.0,0.09999999999999998,qsampled
0.3888415672913117,0.46009311049335155,1.0,0.44914938532224025,0.0,1.0,0.0,0.08108108108108114,0.0,0.9153306613226453,0.38297872340425543,0.0,0.5616438356164384,0.0,0.7647058823529411,0.7306763285024155,0.4108374384236453,0.0,0.4,0.0,0.7,qsampled
0.26873935264054516,0.8864519617451252,0.375,0.4589227133232212,0.0,1.0,0.0,0.4054054054054055,0.9285714285714286,0.38831858407079634,0.2978723404255319,0.0,0.5616438356164384,0.0,0.11764705882352933,0.7827398913699457,0.0,0.7407407407407407,0.6,0.0,0.7,qsampled
0.746166950596252,0.0,0.9076923076923077,0.44914938532224025,0.9411764705882353,1.0,0.0,0.6216216216216217,0.7462686567164178,0.9263136288998358,0.38297872340425543,0.8401253918495297,0.5616438356164384,0.0,0.7941176470588235,0.0,0.13664874551971318,0.8148148148148149,0.8,0.5,0.7,qsampled
0.0,0.5742286506032239,0.0,0.42675068532165616,0.0,1.0,0.0,0.0,0.5119047619047619,0.0,0.2978723404255319,0.0,0.5616438356164384,0.0,0.0,0.76041038020519,0.01477832512315258,0.6153846153846154,0.6,0.0,0.7,qsampled
0.7272727272727273,0.0,0.546875,0.0,0.0,1.0,0.04040404040404033,0.8,0.5119047619047619,0.5564601769911504,0.8727272727272728,0.0,0.8904109589041096,0.18181818181818177,0.0,0.0,0.7960591133004926,0.8461538461538461,0.6,0.6666666666666667,0.7272727272727273,qsampled
0.0,0.7874243382419369,0.0,0.0,0.9411764705882353,0.9259259259259259,0.3939393939393939,0.0,0.7462686567164178,0.0,0.0,0.8401253918495297,0.0,0.6136363636363636,0.7941176470588235,0.8346456692913387,0.8611111111111112,0.8148148148148149,0.5,1.0,0.0,qsampled
0.7448539971278123,0.6824554126918292,0.0,0.0680343311701902,0.0,1.0,0.04040404040404033,0.8,0.7462686567164178,0.004752851711026573,0.0,0.0,0.3561643835616438,0.18181818181818177,0.7941176470588235,0.8346456692913387,0.8345864661654135,0.8148148148148149,0.6,1.0,0.09999999999999998,qsampled
0.46337308347529815,0.8864519617451252,0.0,0.0,0.8459896309850564,1.0,0.04040404040404033,0.16216216216216228,0.9285714285714286,0.0,0.0,1.0,0.5616438356164384,0.18181818181818177,0.7941176470588235,0.7827398913699457,0.0843776106934001,0.07407407407407407,0.8,0.0,0.7272727272727273,qsampled
0.27071005917159763,0.0,0.265625,0.1346431972909098,0.0,0.9411764705882353,0.3939393939393939,0.4054054054054055,0.0,0.2619469026548672,0.38297872340425543,0.0,0.3561643835616438,0.6136363636363636,0.11764705882352933,0.0,0.16561910747957254,0.0,0.4,1.0,0.0,qsampled
0.3875739644970413,0.0,0.9076923076923077,0.44914938532224025,0.0,0.9259259259259259,0.04040404040404033,0.08108108108108114,0.7462686567164178,0.47548857237495845,0.38297872340425543,0.0,0.0,0.18181818181818177,0.7647058823529411,0.0,0.16561910747957254,0.8148148148148149,0.4,1.0,0.09999999999999998,qsampled
0.3888415672913117,0.4511193372113519,0.7230769230769231,0.44914938532224025,0.0,1.0,0.3939393939393939,0.08108108108108114,0.0,0.12692050768203078,0.38297872340425543,0.0,0.5616438356164384,0.6136363636363636,0.7647058823529411,0.7306763285024155,0.01477832512315258,0.0,0.6,0.0,0.0,qsampled
0.0,0.887459807073955,0.0,0.10046637473744169,0.8553933113518606,0.0,0.04040404040404033,0.0,0.9285714285714286,0.0,0.38297872340425543,1.0,0.20547945205479445,0.18181818181818177,0.0,0.7826086956521738,0.11816467630421101,0.0,0.0,1.0,0.09999999999999998,qsampled
0.27071005917159763,0.0,0.8,0.586969558009101,0.6816533720087019,1.0,0.0,0.4054054054054055,0.7462686567164178,0.26806083650190105,0.38297872340425543,0.7302158273381295,0.3561643835616438,0.0,0.11764705882352933,0.0,0.0,0.8148148148148149,0.5,1.0,0.7,qsampled
0.0,0.0,0.65625,0.42675068532165616,0.0,1.0,0.04040404040404033,0.0,0.0,0.8033628318584071,0.2978723404255319,0.0,0.5616438356164384,0.18181818181818177,0.0,0.0,0.40980515399120054,0.7407407407407407,0.4,0.0,0.09999999999999998,qsampled
0.0,0.0,0.375,0.10046637473744169,0.0,0.9411764705882353,0.0,0.0,0.0,0.38831858407079634,0.38297872340425543,0.0,0.3561643835616438,0.0,0.0,0.0,0.0,0.0,0.6,1.0,0.7,qsampled
0.3888415672913117,0.5742286506032239,0.0,0.0,0.0,1.0,0.04040404040404033,0.08108108108108114,0.5119047619047619,0.0,0.0,0.0,0.5616438356164384,0.18181818181818177,0.7647058823529411,0.76041038020519,0.01477832512315258,0.8461538461538461,0.6,0.0,0.7272727272727273,qsampled
0.0,0.0,0.7230769230769231,0.5868845455516395,0.8553933113518606,0.9259259259259259,0.3939393939393939,0.0,0.7462686567164178,0.0,0.38297872340425543,1.0,0.0,0.6136363636363636,0.0,0.0,0.11816467630421101,0.8148148148148149,0.0,1.0,0.0,qsampled
0.5749162278602202,0.669104991394148,0.546875,0.9256794231835829,0.8579485939892031,0.3529411764705882,0.0,0.575,0.0,0.5355542567699202,0.9818181818181818,1.0,0.0,0.0,0.7647058823529411,0.8346456692913387,0.8856065367693274,0.0,0.0,1.0,0.7,qsampled
0.6998563906175204,0.558093591801457,0.546875,0.3808179515019906,0.0,0.3529411764705882,0.04040404040404033,0.8,0.0,0.5540088105726872,0.6909090909090909,0.0,0.0,0.18181818181818177,0.0,0.717948717948718,0.8856065367693274,0.7407407407407407,0.6,1.0,0.09999999999999998,qsampled
0.0,1.0,0.546875,0.6367165834719911,0.0,1.0,0.04040404040404033,0.0,0.9285714285714286,0.42925051497385536,0.6909090909090909,0.0,0.5616438356164384,0.18181818181818177,0.7941176470588235,1.0,0.8611111111111112,0.7407407407407407,0.6,0.0,0.09999999999999998,qsampled
0.7455621301775148,0.44550509110396574,0.375,0.23519185396746578,0.0,0.9411764705882353,0.0,0.6216216216216217,0.5119047619047619,0.49041356361907795,0.38297872340425543,0.0,0.3561643835616438,0.0,0.7941176470588235,0.7306763285024155,0.06896551724137912,0.8461538461538461,0.6,1.0,0.7,qsampled
0.0,0.0,0.546875,0.6367165834719911,0.8823529411764706,0.9411764705882353,0.04040404040404033,0.0,0.5119047619047619,0.42925051497385536,0.6909090909090909,1.0,0.3561643835616438,0.18181818181818177,0.7941176470588235,0.0,0.689655172413793,0.6153846153846154,0.0,1.0,0.09999999999999998,qsampled
0.7455621301775148,0.5595133491044271,0.0,0.3686824785794115,0.0,0.9411764705882353,0.04040404040404033,0.6216216216216217,0.5119047619047619,0.0,0.2978723404255319,0.0,0.3561643835616438,0.18181818181818177,0.7941176470588235,0.76041038020519,0.0,0.6153846153846154,0.6,1.0,0.09999999999999998,qsampled
0.746166950596252,0.0,0.0,0.3686824785794115,0.8823529411764706,0.0,0.04040404040404033,0.6216216216216217,0.0,0.0,0.2978723404255319,1.0,0.20547945205479445,0.18181818181818177,0.7941176470588235,0.0,0.11917562724014319,0.7407407407407407,0.8,1.0,0.09999999999999998,qsampled
0.5909090909090909,0.0,0.546875,0.7459789240155297,0.0,1.0,0.6363636363636364,0.575,0.5119047619047619,0.538175411119812,0.8727272727272728,0.0,0.8904109589041096,0.8068181818181819,0.7647058823529411,0.0,0.7944389275074479,0.8461538461538461,0.6,0.6666666666666667,1.0,qsampled
0.27071005917159763,0.0,0.375,0.0,0.0,0.3529411764705882,0.04040404040404033,0.4054054054054055,0.0,0.3910132158590308,0.0,0.0,0.0,0.18181818181818177,0.11764705882352933,0.0,0.0,0.07407407407407407,0.6,1.0,0.7272727272727273,qsampled
0.7455621301775148,0.5714743019740353,0.0,0.0,0.0,0.3529411764705882,0.3939393939393939,0.6216216216216217,0.5119047619047619,0.0,0.0,0.0,0.0,0.6136363636363636,0.7941176470588235,0.76041038020519,0.0,0.8461538461538461,0.6,1.0,0.0,qsampled
0.3875739644970413,0.44550509110396574,0.0,0.23519185396746578,0.0,0.9411764705882353,0.0,0.08108108108108114,0.5119047619047619,0.0,0.38297872340425543,0.0,0.3561643835616438,0.0,0.7647058823529411,0.7306763285024155,0.01477832512315258,0.8461538461538461,0.6,1.0,0.7,qsampled
0.7455621301775148,0.5712657596694921,0.0,0.3686824785794115,0.0,0.3529411764705882,0.6363636363636364,0.6216216216216217,0.5119047619047619,0.0,0.2978723404255319,0.0,0.0,0.8068181818181819,0.7941176470588235,0.76041038020519,0.03195488721804507,0.6153846153846154,0.6,1.0,0.6,qsampled
0.7455621301775148,0.5714743019740353,0.0,0.0,0.0,0.3529411764705882,0.3939393939393939,0.6216216216216217,0.5119047619047619,0.0,0.0,0.0,0.0,0.6136363636363636,0.7941176470588235,0.76041038020519,0.0,0.8461538461538461,0.6,1.0,0.0,qsampled
0.0,0.0,0.65625,0.42675068532165616,0.6738577484691475,0.9411764705882353,0.6363636363636364,0.0,0.0,0.8033628318584071,0.2978723404255319,0.8401253918495297,0.3561643835616438,0.8068181818181819,0.0,0.0,0.4137713202779535,0.7407407407407407,0.8,1.0,0.6,qsampled
0.5915016900048287,0.0,0.546875,0.9256794231835829,0.0,1.0,0.3939393939393939,0.575,0.5119047619047619,0.538175411119812,0.9818181818181818,0.0,0.5616438356164384,0.6136363636363636,0.7647058823529411,0.0,0.7960591133004926,0.8461538461538461,0.6,0.0,0.0,qsampled
0.7233220666344762,0.5600691443388073,0.546875,0.0,0.0,1.0,0.04040404040404033,0.8,0.0,0.5564601769911504,0.8727272727272728,0.0,0.5616438356164384,0.18181818181818177,0.0,0.717948717948718,0.8856065367693274,0.07407407407407407,0.6,0.0,0.7272727272727273,qsampled
0.3888415672913117,0.0,0.9076923076923077,0.44914938532224025,0.6816533720087019,1.0,0.8585858585858586,0.08108108108108114,0.7462686567164178,0.4707748830995325,0.38297872340425543,0.7302158273381295,0.5616438356164384,0.9204545454545454,0.7647058823529411,0.0,0.18825015792798505,0.8148148148148149,0.8,0.5,0.4,qsampled
0.3875739644970413,0.0,0.265625,0.23519185396746578,0.8579485939892031,0.3529411764705882,0.04040404040404033,0.08108108108108114,0.0,0.34570426651081243,0.38297872340425543,1.0,0.0,0.18181818181818177,0.7647058823529411,0.0,0.16561910747957254,0.0,1.0,1.0,0.09999999999999998,qsampled
0.0,0.0,0.0,0.42675068532165616,0.8080075365049458,0.9411764705882353,0.04040404040404033,0.0,0.0,0.0,0.2978723404255319,1.0,0.3561643835616438,0.18181818181818177,0.0,0.0,0.11816467630421101,0.7407407407407407,0.8,1.0,0.09999999999999998,qsampled
0.7599329822881762,0.790577809928565,0.546875,0.09413854351687412,0.6816533720087019,0.3529411764705882,0.6363636363636364,0.825,0.0,0.5540088105726872,0.9818181818181818,0.2547169811320755,0.0,0.8068181818181819,0.11764705882352933,0.8346456692913387,0.885028427037271,0.0,0.5,1.0,0.6,qsampled
0.746166950596252,0.0,0.265625,0.0,0.8823529411764706,0.0,0.04040404040404033,0.6216216216216217,0.0,0.38578839805062104,0.0,1.0,0.20547945205479445,0.18181818181818177,0.7941176470588235,0.0,0.13664874551971318,0.07407407407407407,0.0,1.0,0.7272727272727273,qsampled
0.0,0.0,0.546875,0.7459789240155297,0.0,1.0,0.6363636363636364,0.0,0.5119047619047619,0.42925051497385536,0.8727272727272728,0.0,0.5616438356164384,0.8068181818181819,0.7941176470588235,0.0,0.6616541353383458,0.8461538461538461,0.6,0.0,1.0,qsampled
0.0,0.5712302928929855,0.0,0.42675068532165616,0.0,1.0,0.3939393939393939,0.0,0.5119047619047619,0.0,0.2978723404255319,0.0,0.5616438356164384,0.6136363636363636,0.0,0.76041038020519,0.01477832512315258,0.6153846153846154,0.6,0.0,0.0,qsampled
0.7233220666344762,0.6824554126918292,0.0,0.28020267824828093,0.8080075365049458,0.0,0.04040404040404033,0.8,0.7462686567164178,0.004715498270983942,0.0,1.0,0.20547945205479445,0.18181818181818177,0.0,0.8346456692913387,0.8856065367693274,0.8148148148148149,0.8,1.0,0.09999999999999998,qsampled
0.746166950596252,0.5595133491044271,0.65625,0.3686824785794115,0.9411764705882353,0.0,0.04040404040404033,0.6216216216216217,0.5119047619047619,0.7860399308284861,0.2978723404255319,0.8401253918495297,0.20547945205479445,0.18181818181818177,0.7941176470588235,0.76041038020519,0.4517241379310345,0.6153846153846154,0.8,1.0,0.09999999999999998,qsampled
0.3875739644970413,0.5595133491044271,0.375,0.0,0.8579485939892031,0.9411764705882353,0.0,0.08108108108108114,0.5119047619047619,0.47758418167580263,0.0,1.0,0.3561643835616438,0.0,0.7647058823529411,0.76041038020519,0.0,0.8461538461538461,0.0,1.0,1.0,qsampled
0.27071005917159763,0.574458742864863,0.375,0.0,0.8579485939892031,0.3529411764705882,0.0,0.4054054054054055,0.5119047619047619,0.3910132158590308,0.0,1.0,0.0,0.0,0.11764705882352933,0.76041038020519,0.0,0.8461538461538461,0.0,1.0,1.0,qsampled
0.746166950596252,0.0,0.0,0.3686824785794115,0.0,0.0,0.0,0.6216216216216217,0.0,0.0,0.2978723404255319,0.0,0.20547945205479445,0.0,0.7941176470588235,0.0,0.11917562724014319,0.7407407407407407,0.6,1.0,0.7,qsampled
0.45857988165680463,0.46038228500652756,0.7230769230769231,0.5566560349169045,0.0,0.9259259259259259,0.0,0.16216216216216228,0.0,0.0,0.38297872340425543,0.0,0.0,0.0,0.7941176470588235,0.7306763285024155,0.0,0.0,0.6,1.0,0.7,qsampled
0.0,0.0,0.9076923076923077,0.5868845455516395,0.0,1.0,0.04040404040404033,0.0,0.7462686567164178,0.24112801013941698,0.38297872340425543,0.0,0.3561643835616438,0.18181818181818177,0.0,0.0,0.16561910747957254,0.8148148148148149,0.4,1.0,0.09999999999999998,qsampled
0.3875739644970413,0.574458742864863,0.375,0.0,0.0,0.3529411764705882,0.0,0.08108108108108114,0.5119047619047619,0.4801285797779077,0.0,0.0,0.0,0.0,0.7647058823529411,0.76041038020519,0.0,0.8461538461538461,0.6,1.0,1.0,qsampled
0.27071005917159763,0.4514287727705155,0.7230769230769231,0.586969558009101,0.6816533720087019,0.9259259259259259,0.3939393939393939,0.4054054054054055,0.0,0.0,0.38297872340425543,0.7302158273381295,0.0,0.6136363636363636,0.11764705882352933,0.7306763285024155,0.01477832512315258,0.0,0.5,1.0,0.0,qsampled
0.0,0.4510654812305954,0.265625,0.10046637473744169,0.0,0.3529411764705882,0.6363636363636364,0.0,0.5119047619047619,0.26537444933920706,0.38297872340425543,0.0,0.0,0.8068181818181819,0.0,0.7306763285024155,0.2313803376365443,0.8461538461538461,0.4,1.0,0.6,qsampled
0.0,0.8865133245516263,0.0,0.0,0.0,0.3529411764705882,0.0,0.0,0.9285714285714286,0.0,0.0,0.0,0.0,0.0,0.0,0.7827398913699457,0.11816467630421101,0.07407407407407407,0.6,1.0,1.0,qsampled
0.46337308347529815,0.0,0.8,0.5566560349169045,0.0,0.0,0.3939393939393939,0.16216216216216228,0.7462686567164178,0.27381326626846914,0.38297872340425543,0.0,0.20547945205479445,0.6136363636363636,0.7941176470588235,0.0,0.009189640768588303,0.8148148148148149,0.6,1.0,0.0,qsampled
0.7599329822881762,0.558093591801457,0.546875,0.4464653641207815,0.0,0.3529411764705882,0.04040404040404033,0.825,0.0,0.5540088105726872,0.6909090909090909,0.0,0.0,0.18181818181818177,0.11764705882352933,0.717948717948718,0.8856065367693274,0.7407407407407407,0.6,1.0,0.09999999999999998,qsampled
0.0,0.0,0.9076923076923077,0.5868845455516395,0.0,1.0,0.8585858585858586,0.0,0.7462686567164178,0.24112801013941698,0.38297872340425543,0.0,0.3561643835616438,0.9204545454545454,0.0,0.0,0.18825015792798505,0.8148148148148149,0.4,1.0,0.4,qsampled
0.0,0.9850598839362884,0.546875,0.7459789240155297,0.0,0.3529411764705882,0.04040404040404033,0.0,0.9642857142857143,0.4258764345228736,0.8727272727272728,0.0,0.0,0.18181818181818177,0.7941176470588235,1.0,0.8611111111111112,0.07407407407407407,0.6,1.0,0.7272727272727273,qsampled
0.6998563906175204,0.0,0.546875,0.023887079261672106,0.0,0.3529411764705882,0.8585858585858586,0.8,0.5119047619047619,0.5540088105726872,0.9818181818181818,0.0,0.0,0.9204545454545454,0.0,0.0,0.7944389275074479,0.8461538461538461,0.6,1.0,0.4,qsampled
0.3880597014925373,0.0,0.7230769230769231,0.44914938532224025,0.0,1.0,0.0,0.08108108108108114,0.7462686567164178,0.1269205076820309,0.38297872340425543,0.0,0.8904109589041096,0.0,0.7647058823529411,0.0,0.11816467630421101,0.8148148148148149,0.6,0.6666666666666667,0.7,qsampled
0.45857988165680463,0.0,0.0,0.0,0.0,0.9411764705882353,0.04040404040404033,0.16216216216216228,0.0,0.0,0.0,0.0,0.3561643835616438,0.18181818181818177,0.7941176470588235,0.0,0.0843776106934001,0.07407407407407407,0.6,1.0,0.7272727272727273,qsampled
0.45857988165680463,0.44550509110396574,0.7230769230769231,0.5566560349169045,0.8555962183592558,1.0,0.0,0.16216216216216228,0.0,0.0,0.38297872340425543,1.0,0.3561643835616438,0.0,0.7941176470588235,0.7306763285024155,0.0,0.0,0.0,1.0,0.7,qsampled
0.0,0.5714743019740353,0.375,0.0,0.6738577484691475,0.3529411764705882,0.3939393939393939,0.0,0.5119047619047619,0.3910132158590308,0.0,0.6258503401360545,0.0,0.6136363636363636,0.0,0.76041038020519,0.0,0.8461538461538461,0.5,1.0,0.0,qsampled
0.0,0.5714743019740353,0.0,0.0,0.0,0.3529411764705882,0.3939393939393939,0.0,0.5119047619047619,0.0,0.0,0.0,0.0,0.6136363636363636,0.0,0.76041038020519,0.01477832512315258,0.8461538461538461,0.6,1.0,0.0,qsampled
0.26873935264054516,0.0,0.0,0.0,0.0,0.0,0.6363636363636364,0.4054054054054055,0.0,0.0,0.0,0.0,0.20547945205479445,0.8068181818181819,0.11764705882352933,0.0,0.15476942514213543,0.07407407407407407,0.6,1.0,1.0,qsampled
0.5915016900048287,1.0,0.0,0.0,0.0,1.0,0.0,0.575,1.0,0.0,0.0,0.0,0.5616438356164384,0.0,0.7647058823529411,1.0,0.8856065367693274,0.8148148148148149,0.6,0.0,0.7,qsampled
0.7455621301775148,0.0,0.7230769230769231,0.44914938532224025,0.0,0.9259259259259259,0.0,0.6216216216216217,0.7462686567164178,0.7210483543275092,0.38297872340425543,0.0,0.0,0.0,0.7941176470588235,0.0,0.11917562724014319,0.8148148148148149,0.6,1.0,0.7,qsampled
0.3888415672913117,0.0,0.7230769230769231,0.44914938532224025,0.0,0.0,0.0,0.08108108108108114,0.7462686567164178,0.125869493209672,0.38297872340425543,0.0,0.20547945205479445,0.0,0.7647058823529411,0.0,0.11816467630421101,0.8148148148148149,0.6,1.0,0.7,qsampled
0.0,0.0,0.375,0.0,0.0,0.0,0.0,0.0,0.0,0.3910132158590308,0.0,0.0,0.20547945205479445,0.0,0.0,0.0,0.0,0.07407407407407407,0.6,1.0,1.0,qsampled
0.3875739644970413,0.44550509110396574,0.265625,0.23519185396746578,0.0,0.9411764705882353,0.0,0.08108108108108114,0.5119047619047619,0.34230618637431465,0.38297872340425543,0.0,0.3561643835616438,0.0,0.7647058823529411,0.7306763285024155,0.19556650246305418,0.8461538461538461,0.4,1.0,0.7,qsampled
0.46337308347529815,0.0,0.375,0.4250881316098708,0.680390362915523,0.0,0.0,0.16216216216216228,0.0,0.3910132158590308,0.2978723404255319,0.7857142857142857,0.20547945205479445,0.0,0.7941176470588235,0.0,0.009189640768588303,0.7407407407407407,0.5,1.0,0.7,qsampled
0.27071005917159763,0.0,1.0,0.586969558009101,0.0,0.9259259259259259,0.0,0.4054054054054055,0.7462686567164178,0.8616787173844702,0.38297872340425543,0.0,0.0,0.0,0.11764705882352933,0.0,0.40980515399120054,0.8148148148148149,0.4,1.0,0.7,qsampled
0.3875739644970413,0.5712657596694921,0.375,0.0,0.8579485939892031,0.3529411764705882,0.6363636363636364,0.08108108108108114,0.5119047619047619,0.4801285797779077,0.0,1.0,0.0,0.8068181818181819,0.7647058823529411,0.76041038020519,0.0,0.8461538461538461,0.0,1.0,1.0,qsampled
0.45857988165680463,0.43537967310339953,0.7230769230769231,0.5566560349169045,0.0,1.0,0.6363636363636364,0.16216216216216228,0.0,0.0,0.38297872340425543,0.0,0.3561643835616438,0.8068181818181819,0.7941176470588235,0.7306763285024155,0.35483870967741926,0.0,0.6,1.0,0.6,qsampled
0.0,0.0,0.8,0.5868845455516395,0.0,0.0,0.0,0.0,0.7462686567164178,0.27381326626846914,0.38297872340425543,0.0,0.20547945205479445,0.0,0.0,0.0,0.0,0.8148148148148149,0.6,1.0,0.7,qsampled
0.7599329822881762,0.0,0.546875,0.09413854351687412,0.8579485939892031,0.9411764705882353,0.04040404040404033,0.825,0.5119047619047619,0.5564601769911504,0.9818181818181818,1.0,0.3561643835616438,0.18181818181818177,0.11764705882352933,0.0,0.7960591133004926,0.8461538461538461,0.0,1.0,0.09999999999999998,qsampled
0.45857988165680463,0.46038228500652756,0.9076923076923077,0.5566560349169045,0.0,0.9259259259259259,0.04040404040404033,0.16216216216216228,0.0,0.24740647595095888,0.38297872340425543,0.0,0.0,0.18181818181818177,0.7941176470588235,0.7306763285024155,0.39655172413793105,0.0,0.4,1.0,0.09999999999999998,qsampled
0.46337308347529815,0.4511193372113519,0.7230769230769231,0.5566560349169045,0.0,1.0,0.3939393939393939,0.16216216216216228,0.0,0.0,0.38297872340425543,0.0,0.5616438356164384,0.6136363636363636,0.7941176470588235,0.7306763285024155,0.0,0.0,0.6,0.0,0.0,qsampled
0.7701593433124094,0.0,0.546875,0.4464653641207815,0.6816533720087019,1.0,0.04040404040404033,0.825,0.5119047619047619,0.5564601769911504,0.6909090909090909,0.7302158273381295,0.5616438356164384,0.18181818181818177,0.11764705882352933,0.0,0.7960591133004926,0.6153846153846154,0.5,0.5,0.09999999999999998,qsampled
0.7599329822881762,0.0,0.546875,0.0,0.0,0.9411764705882353,0.3939393939393939,0.825,0.5119047619047619,0.5564601769911504,0.8727272727272728,0.0,0.3561643835616438,0.6136363636363636,0.11764705882352933,0.0,0.7960591133004926,0.8461538461538461,0.6,1.0,0.0,qsampled
0.7233220666344762,0.7999825996171915,0.0,0.28020267824828093,0.0,0.0,0.6363636363636364,0.8,0.7462686567164178,0.004715498270983942,0.0,0.0,0.20547945205479445,0.8068181818181819,0.0,0.8346456692913387,0.885028427037271,0.8148148148148149,0.6,1.0,0.6,qsampled
0.3888415672913117,0.0,0.8,0.44914938532224025,0.0,0.0,0.3939393939393939,0.08108108108108114,0.7462686567164178,0.4956939383901954,0.38297872340425543,0.0,0.20547945205479445,0.6136363636363636,0.7647058823529411,0.0,0.0,0.8148148148148149,0.6,1.0,0.0,qsampled
0.0,0.5714743019740353,0.265625,0.42675068532165616,0.0,0.3529411764705882,0.3939393939393939,0.0,0.5119047619047619,0.26537444933920706,0.2978723404255319,0.0,0.0,0.6136363636363636,0.0,0.76041038020519,0.19556650246305418,0.6153846153846154,0.4,1.0,0.0,qsampled
0.7701593433124094,0.7888698166049326,0.0,0.2860390763765541,0.0,1.0,0.3939393939393939,0.825,0.7462686567164178,0.004752851711026573,0.0,0.0,0.5616438356164384,0.6136363636363636,0.11764705882352933,0.8346456692913387,0.8856065367693274,0.8148148148148149,0.6,0.0,0.0,qsampled
0.27071005917159763,0.5714743019740353,0.0,0.0,0.8579485939892031,0.3529411764705882,0.8585858585858586,0.4054054054054055,0.5119047619047619,0.0,0.0,1.0,0.0,0.9204545454545454,0.11764705882352933,0.76041038020519,0.07149950347567025,0.8461538461538461,0.0,1.0,0.9090909090909091,qsampled
0.46337308347529815,0.5595133491044271,0.0,0.0,0.8459896309850564,0.0,0.0,0.16216216216216228,0.5119047619047619,0.0,0.0,1.0,0.20547945205479445,0.0,0.7941176470588235,0.76041038020519,0.0,0.8461538461538461,0.8,1.0,1.0,qsampled
0.27071005917159763,0.5595133491044271,0.265625,0.4589227133232212,0.0,0.9411764705882353,0.04040404040404033,0.4054054054054055,0.5119047619047619,0.2619469026548672,0.2978723404255319,0.0,0.3561643835616438,0.18181818181818177,0.11764705882352933,0.76041038020519,0.19556650246305418,0.6153846153846154,0.4,1.0,0.09999999999999998,m2
0.27071005917159763,0.8810683036974316,0.265625,0.1346431972909098,0.8432841833857062,0.3529411764705882,0.6363636363636364,0.4054054054054055,0.9285714285714286,0.26537444933920706,0.38297872340425543,1.0,0.0,0.8068181818181819,0.11764705882352933,0.7826086956521738,0.18825015792798505,0.0,0.0,1.0,0.6,m2
0.0,0.0,0.265625,0.0,0.6738577484691475,0.9411764705882353,0.0,0.0,0.0,0.2619469026548672,0.0,0.6258503401360545,0.3561643835616438,0.0,0.0,0.0,0.16561910747957254,0.07407407407407407,0.8,1.0,1.0,m2
0.6998563906175204,0.5826107335364424,0.546875,0.0,0.8080075365049458,0.9411764705882353,0.0,0.8,0.0,0.5564601769911504,0.8727272727272728,1.0,0.3561643835616438,0.0,0.0,0.717948717948718,0.8856065367693274,0.07407407407407407,0.8,1.0,1.0,m2
0.27071005917159763,0.0,0.375,0.1346431972909098,0.8432841833857062,0.9411764705882353,0.3939393939393939,0.4054054054054055,0.0,0.38831858407079634,0.38297872340425543,1.0,0.3561643835616438,0.6136363636363636,0.11764705882352933,0.0,0.0,0.0,0.8,1.0,0.0,m2
0.0,0.0,0.0,0.42675068532165616,0.0,1.0,0.8585858585858586,0.0,0.0,0.0,0.2978723404255319,0.0,0.8904109589041096,0.9204545454545454,0.0,0.0,0.15476942514213543,0.7407407407407407,0.6,0.6666666666666667,0.4,m2
0.0,0.0,0.9076923076923077,0.5868845455516395,0.8553933113518606,1.0,0.04040404040404033,0.0,0.7462686567164178,0.24112801013941698,0.38297872340425543,1.0,0.3561643835616438,0.18181818181818177,0.0,0.0,0.16561910747957254,0.8148148148148149,1.0,1.0,0.09999999999999998,m2
0.7727272727272727,0.7971140472878998,0.546875,0.14465145488800502,0.8459896309850564,1.0,0.3939393939393939,0.8,0.0,0.5564601769911504,0.9818181818181818,1.0,0.8904109589041096,0.6136363636363636,0.7941176470588235,0.8346456692913387,0.8345864661654135,0.0,0.8,0.6666666666666667,0.0,m2
0.27071005917159763,0.43576364405584556,0.7230769230769231,0.586969558009101,0.0,1.0,0.8585858585858586,0.4054054054054055,0.0,0.0,0.38297872340425543,0.0,0.3561643835616438,0.9204545454545454,0.11764705882352933,0.7306763285024155,0.07149950347567025,0.0,0.6,1.0,0.4,m2
0.27071005917159763,0.0,0.265625,0.1346431972909098,0.0,0.9411764705882353,0.3939393939393939,0.4054054054054055,0.0,0.2619469026548672,0.38297872340425543,0.0,0.3561643835616438,0.6136363636363636,0.11764705882352933,0.0,0.16561910747957254,0.0,0.4,1.0,0.0,m2
0.26865671641791034,0.5557018792710706,0.265625,0.4589227133232212,0.0,1.0,0.8585858585858586,0.4054054054054055,0.5119047619047619,0.26212389380530954,0.2978723404255319,0.0,0.8904109589041096,0.9204545454545454,0.11764705882352933,0.76041038020519,0.2313803376365443,0.6153846153846154,0.4,0.6666666666666667,0.4,m2
0.0,0.0,0.375,0.0,0.0,0.0,0.04040404040404033,0.0,0.0,0.3910132158590308,0.0,0.0,0.20547945205479445,0.18181818181818177,0.0,0.0,0.0,0.07407407407407407,0.6,1.0,0.7272727272727273,m2
0.0,0.9494051642557794,0.265625,0.0,0.8080075365049458,1.0,0.04040404040404033,0.0,0.9642857142857143,0.26212389380530954,0.0,1.0,0.8904109589041096,0.18181818181818177,0.0,0.8913699456849729,0.16561910747957254,0.07407407407407407,0.0,0.6666666666666667,0.7272727272727273,m2
0.7448539971278123,0.5826107335364424,0.546875,0.0,0.8555962183592558,0.9411764705882353,0.0,0.8,0.0,0.5564601769911504,0.8727272727272728,1.0,0.3561643835616438,0.0,0.7941176470588235,0.717948717948718,0.8345864661654135,0.07407407407407407,0.0,1.0,1.0,m2
0.0,0.8864519617451252,0.65625,0.42675068532165616,0.0,1.0,0.0,0.0,0.9285714285714286,0.8033628318584071,0.2978723404255319,0.0,0.5616438356164384,0.0,0.0,0.7827398913699457,0.40980515399120054,0.7407407407407407,0.4,0.0,0.7,m2
0.27071005917159763,0.0,0.265625,0.1346431972909098,0.0,0.9411764705882353,0.6363636363636364,0.4054054054054055,0.0,0.2619469026548672,0.38297872340425543,0.0,0.3561643835616438,0.8068181818181819,0.11764705882352933,0.0,0.18825015792798505,0.0,0.4,1.0,0.6,m2
0.0,0.4357238558634794,0.375,0.10046637473744169,0.0,1.0,0.3939393939393939,0.0,0.5119047619047619,0.3883185840707962,0.38297872340425543,0.0,0.8904109589041096,0.6136363636363636,0.0,0.7306763285024155,0.0,0.8461538461538461,0.6,0.6666666666666667,0.0,m2
0.0,0.9494051642557794,0.375,0.0,0.0,1.0,0.04040404040404033,0.0,0.9642857142857143,0.3883185840707962,0.0,0.0,0.8904109589041096,0.18181818181818177,0.0,0.8913699456849729,0.0,0.07407407407407407,0.6,0.6666666666666667,0.7272727272727273,m2
0.0,0.4514287727705155,0.265625,0.10046637473744169,0.0,0.3529411764705882,0.3939393939393939,0.0,0.5119047619047619,0.26537444933920706,0.38297872340425543,0.0,0.0,0.6136363636363636,0.0,0.7306763285024155,0.19556650246305418,0.8461538461538461,0.4,1.0,0.0,m2
0.0,0.0,0.375,0.10046637473744169,0.8553933113518606,1.0,0.0,0.0,0.0,0.3883185840707962,0.38297872340425543,1.0,0.8904109589041096,0.0,0.0,0.0,0.0,0.0,0.0,0.6666666666666667,0.7,m2
0.45857988165680463,0.0,0.375,0.16258183649488,0.8555962183592558,0.3529411764705882,0.04040404040404033,0.16216216216216228,0.0,0.3910132158590308,0.38297872340425543,1.0,0.0,0.18181818181818177,0.7941176470588235,0.0,0.009189640768588303,0.0,0.0,1.0,0.09999999999999998,m2
0.0,0.0,0.375,0.42675068532165616,0.0,1.0,0.6363636363636364,0.0,0.0,0.38831858407079634,0.2978723404255319,0.0,0.5616438356164384,0.8068181818181819,0.0,0.0,0.0,0.7407407407407407,0.6,0.0,0.6,m2
0.26865671641791034,0.0,0.9076923076923077,0.586969558009101,0.6816533720087019,1.0,0.8585858585858586,0.4054054054054055,0.7462686567164178,0.2414448669201522,0.38297872340425543,0.7302158273381295,0.8904109589041096,0.9204545454545454,0.11764705882352933,0.0,0.18825015792798505,0.8148148148148149,0.8,0.0,0.4,m2
0.7272727272727273,0.9858214202015467,0.546875,0.3808179515019906,0.0,1.0,0.04040404040404033,0.8,0.9642857142857143,0.5564601769911504,0.6909090909090909,0.0,0.8904109589041096,0.18181818181818177,0.0,1.0,0.8856065367693274,0.7407407407407407,0.6,0.6666666666666667,0.09999999999999998,m2
0.0,0.9494051642557794,0.65625,0.0,0.8553933113518606,1.0,0.04040404040404033,0.0,0.9642857142857143,0.8035398230088495,0.0,1.0,0.8904109589041096,0.18181818181818177,0.0,0.8913699456849729,0.40980515399120054,0.07407407407407407,1.0,0.6666666666666667,0.7272727272727273,m2
0.0,0.7999825996171915,0.0,0.0,0.0,1.0,0.6363636363636364,0.0,0.7462686567164178,0.0,0.0,0.0,0.3561643835616438,0.8068181818181819,0.7941176470588235,0.8346456692913387,0.8601083032490975,0.8148148148148149,0.6,1.0,0.6,m2
0.7701593433124094,0.0,0.546875,0.4464653641207815,0.0,1.0,0.04040404040404033,0.825,0.5119047619047619,0.5564601769911504,0.6909090909090909,0.0,0.5616438356164384,0.18181818181818177,0.11764705882352933,0.0,0.7960591133004926,0.6153846153846154,0.6,0.0,0.09999999999999998,m2
0.7455621301775148,0.0,0.65625,0.3686824785794115,0.8823529411764706,0.3529411764705882,0.04040404040404033,0.6216216216216217,0.0,0.7860399308284861,0.2978723404255319,1.0,0.0,0.18181818181818177,0.7941176470588235,0.0,0.40949820788530455,0.7407407407407407,1.0,1.0,0.09999999999999998,m2
0.27071005917159763,0.0,0.0,0.1346431972909098,0.0,0.3529411764705882,0.6363636363636364,0.4054054054054055,0.0,0.0,0.38297872340425543,0.0,0.0,0.8068181818181819,0.11764705882352933,0.0,0.15476942514213543,0.0,0.6,1.0,0.6,m2
0.26865671641791034,0.9507603671199839,0.0,0.1346431972909098,0.0,1.0,0.0,0.4054054054054055,0.9642857142857143,0.0,0.38297872340425543,0.0,0.8904109589041096,0.0,0.11764705882352933,0.8913043478260869,0.11816467630421101,0.0,0.6,0.6666666666666667,0.7,m2
0.7448539971278123,0.0,0.546875,0.14465145488800502,0.8555962183592558,0.9411764705882353,0.04040404040404033,0.8,0.5119047619047619,0.5564601769911504,0.9818181818181818,1.0,0.3561643835616438,0.18181818181818177,0.7941176470588235,0.0,0.1448275862068964,0.8461538461538461,0.0,1.0,0.09999999999999998,m2
0.0,0.44550509110396574,0.7230769230769231,0.5868845455516395,0.8553933113518606,1.0,0.04040404040404033,0.0,0.0,0.0,0.38297872340425543,1.0,0.3561643835616438,0.18181818181818177,0.0,0.7306763285024155,0.01477832512315258,0.0,0.0,1.0,0.09999999999999998,m2
0.3875739644970413,0.0,0.0,0.0,0.0,0.9411764705882353,0.3939393939393939,0.08108108108108114,0.0,0.0,0.0,0.0,0.3561643835616438,0.6136363636363636,0.7647058823529411,0.0,0.11816467630421101,0.07407407407407407,0.6,1.0,0.0,m2
0.7455621301775148,0.0,0.0,0.0,0.0,0.9411764705882353,0.04040404040404033,0.6216216216216217,0.0,0.0,0.0,0.0,0.3561643835616438,0.18181818181818177,0.7941176470588235,0.0,0.11917562724014319,0.07407407407407407,0.6,1.0,0.7272727272727273,m2
0.7233220666344762,0.5600691443388073,0.546875,0.0,0.0,1.0,0.0,0.8,0.0,0.5564601769911504,0.8727272727272728,0.0,0.5616438356164384,0.0,0.0,0.717948717948718,0.8856065367693274,0.07407407407407407,0.6,0.0,1.0,m2
0.3875739644970413,0.0,1.0,0.44914938532224025,0.0,0.9259259259259259,0.8585858585858586,0.08108108108108114,0.7462686567164178,0.9163630341172574,0.38297872340425543,0.0,0.0,0.9204545454545454,0.7647058823529411,0.0,0.4137713202779535,0.8148148148148149,0.4,1.0,0.4,m2
0.3880597014925373,0.0,0.265625,0.0,0.0,1.0,0.6363636363636364,0.08108108108108114,0.0,0.34250195771339087,0.0,0.0,0.8904109589041096,0.8068181818181819,0.7647058823529411,0.0,0.18825015792798505,0.07407407407407407,0.4,0.6666666666666667,1.0,m2
0.0,0.5554723974482341,0.375,0.0,0.0,1.0,0.6363636363636364,0.0,0.5119047619047619,0.3883185840707962,0.0,0.0,0.8904109589041096,0.8068181818181819,0.0,0.76041038020519,0.0,0.8461538461538461,0.6,0.6666666666666667,1.0,m2
0.3875739644970413,0.0,0.0,0.23519185396746578,0.0,0.9411764705882353,0.0,0.08108108108108114,0.0,0.0,0.38297872340425543,0.0,0.3561643835616438,0.0,0.7647058823529411,0.0,0.11816467630421101,0.0,0.6,1.0,0.7,m2
0.0,0.9982834944439425,0.0,0.0,0.8823529411764706,0.9259259259259259,0.3939393939393939,0.0,1.0,0.0,0.0,1.0,0.0,0.6136363636363636,0.7941176470588235,1.0,0.8611111111111112,0.8148148148148149,0.8,1.0,0.0,m2
0.26873935264054516,0.0,0.265625,0.4589227133232212,0.6816533720087019,1.0,0.3939393939393939,0.4054054054054055,0.0,0.2619469026548672,0.2978723404255319,0.7302158273381295,0.5616438356164384,0.6136363636363636,0.11764705882352933,0.0,0.16561910747957254,0.7407407407407407,0.8,0.5,0.0,m2
0.7727272727272727,1.0,0.546875,0.0,0.6816533720087019,1.0,0.04040404040404033,0.825,0.9285714285714286,0.5564601769911504,0.8727272727272728,0.2547169811320755,0.8904109589041096,0.18181818181818177,0.11764705882352933,1.0,0.8856065367693274,0.07407407407407407,0.5,0.0,0.7272727272727273,m2
0.7448539971278123,0.7874243382419369,0.546875,0.14465145488800502,0.0,0.3529411764705882,0.3939393939393939,0.8,0.0,0.5540088105726872,0.9818181818181818,0.0,0.0,0.6136363636363636,0.7941176470588235,0.8346456692913387,0.8345864661654135,0.0,0.6,1.0,0.0,m2
0.5749162278602202,0.7999825996171915,0.0,0.0,0.0,1.0,0.6363636363636364,0.575,0.7462686567164178,0.0,0.0,0.0,0.3561643835616438,0.8068181818181819,0.7647058823529411,0.8346456692913387,0.885028427037271,0.8148148148148149,0.6,1.0,0.6,m2
0.0,0.0,0.65625,0.0,0.8553933113518606,0.3529411764705882,0.8585858585858586,0.0,0.0,0.8044052863436124,0.0,1.0,0.0,0.9204545454545454,0.0,0.0,0.4137713202779535,0.07407407407407407,1.0,1.0,0.9090909090909091,m2
0.26865671641791034,0.4357238558634794,0.0,0.1346431972909098,0.6816533720087019,1.0,0.3939393939393939,0.4054054054054055,0.5119047619047619,0.0,0.38297872340425543,0.2547169811320755,0.8904109589041096,0.6136363636363636,0.11764705882352933,0.7306763285024155,0.01477832512315258,0.8461538461538461,0.5,0.0,0.0,m2
0.26865671641791034,0.0,0.265625,0.0,0.8432841833857062,1.0,0.6363636363636364,0.4054054054054055,0.0,0.26212389380530954,0.0,1.0,0.8904109589041096,0.8068181818181819,0.11764705882352933,0.0,0.18825015792798505,0.07407407407407407,0.0,0.6666666666666667,1.0,m2
0.0,0.9918289290681502,0.0,0.0,0.9411764705882353,1.0,0.3939393939393939,0.0,1.0,0.0,0.0,0.8401253918495297,0.8904109589041096,0.6136363636363636,0.7941176470588235,1.0,0.8611111111111112,0.8148148148148149,0.5,0.0,0.0,m2
0.0,0.0,0.0,0.0,0.0,0.9411764705882353,0.04040404040404033,0.0,0.0,0.0,0.0,0.0,0.3561643835616438,0.18181818181818177,0.0,0.0,0.11816467630421101,0.07407407407407407,0.6,1.0,0.7272727272727273,m2
0.7455621301775148,0.5714743019740353,0.265625,0.0,0.0,0.3529411764705882,0.8585858585858586,0.6216216216216217,0.5119047619047619,0.38578839805062104,0.0,0.0,0.0,0.9204545454545454,0.7941176470588235,0.76041038020519,0.2293233082706767,0.8461538461538461,0.4,1.0,0.9090909090909091,m2
0.7727272727272727,0.0,0.546875,0.4464653641207815,0.6816533720087019,1.0,0.8585858585858586,0.825,0.5119047619047619,0.5564601769911504,0.6909090909090909,0.7302158273381295,0.8904109589041096,0.9204545454545454,0.11764705882352933,0.0,0.7944389275074479,0.6153846153846154,0.5,0.0,0.4,m2
0.27071005917159763,0.0,0.0,0.1346431972909098,0.0,0.9411764705882353,0.3939393939393939,0.4054054054054055,0.0,0.0,0.38297872340425543,0.0,0.3561643835616438,0.6136363636363636,0.11764705882352933,0.0,0.11816467630421101,0.0,0.6,1.0,0.0,m2
0.45857988165680463,0.8809414749304112,0.265625,0.16258183649488,0.0,0.3529411764705882,0.3939393939393939,0.16216216216216228,0.9285714285714286,0.26537444933920706,0.38297872340425543,0.0,0.0,0.6136363636363636,0.7941176470588235,0.7826086956521738,0.0,0.0,0.4,1.0,0.0,m2
0.746166950596252,0.0,0.0,0.0,0.0,1.0,0.6363636363636364,0.6216216216216217,0.0,0.0,0.0,0.0,0.5616438356164384,0.8068181818181819,0.7941176470588235,0.0,0.17148014440433212,0.07407407407407407,0.6,0.0,1.0,m2
0.3880597014925373,0.886440448830607,0.265625,0.3686824785794115,0.0,1.0,0.04040404040404033,0.08108108108108114,0.9285714285714286,0.34250195771339087,0.2978723404255319,0.0,0.8904109589041096,0.18181818181818177,0.7647058823529411,0.7827398913699457,0.16561910747957254,0.7407407407407407,0.4,0.6666666666666667,0.09999999999999998,m2
0.27071005917159763,0.0,0.265625,0.1346431972909098,0.6816533720087019,0.9411764705882353,0.04040404040404033,0.4054054054054055,0.0,0.2619469026548672,0.38297872340425543,0.2547169811320755,0.3561643835616438,0.18181818181818177,0.11764705882352933,0.0,0.16561910747957254,0.0,0.8,1.0,0.09999999999999998,m2
0.0,0.0,0.65625,0.10046637473744169,0.8553933113518606,1.0,0.6363636363636364,0.0,0.0,0.8035398230088495,0.38297872340425543,1.0,0.8904109589041096,0.8068181818181819,0.0,0.0,0.4137713202779535,0.0,1.0,0.6666666666666667,0.6,m2
0.6998563906175204,0.558093591801457,0.546875,0.3808179515019906,0.0,0.3529411764705882,0.0,0.8,0.0,0.5540088105726872,0.6909090909090909,0.0,0.0,0.0,0.0,0.717948717948718,0.8856065367693274,0.7407407407407407,0.6,1.0,0.7,m2
0.6998563906175204,0.6824554126918292,0.546875,0.023887079261672106,0.8553933113518606,0.9411764705882353,0.04040404040404033,0.8,0.0,0.5564601769911504,0.9818181818181818,1.0,0.3561643835616438,0.18181818181818177,0.0,0.8346456692913387,0.8856065367693274,0.0,0.0,1.0,0.09999999999999998,m2
0.7455621301775148,0.0,0.375,0.23519185396746578,0.8823529411764706,0.9411764705882353,0.3939393939393939,0.6216216216216217,0.0,0.49041356361907795,0.38297872340425543,1.0,0.3561643835616438,0.6136363636363636,0.7941176470588235,0.0,0.0,0.0,0.0,1.0,0.0,m2
0.27071005917159763,0.5712657596694921,0.0,0.0,0.6816533720087019,0.3529411764705882,0.6363636363636364,0.4054054054054055,0.5119047619047619,0.0,0.0,0.2547169811320755,0.0,0.8068181818181819,0.11764705882352933,0.76041038020519,0.07149950347567025,0.8461538461538461,0.5,1.0,1.0,m2
0.0,0.0,0.375,0.0,0.6738577484691475,0.9411764705882353,0.6363636363636364,0.0,0.0,0.38831858407079634,0.0,0.6258503401360545,0.3561643835616438,0.8068181818181819,0.0,0.0,0.0,0.07407407407407407,0.5,1.0,1.0,m2
0.3888415672913117,0.0,0.65625,0.0,0.0,0.0,0.3939393939393939,0.08108108108108114,0.0,0.8202805376972531,0.0,0.0,0.20547945205479445,0.6136363636363636,0.7647058823529411,0.0,0.40980515399120054,0.07407407407407407,0.4,1.0,0.0,m2
0.7701593433124094,0.0,0.0,0.2860390763765541,0.8432841833857062,1.0,0.04040404040404033,0.825,0.0,0.004752851711026573,0.0,1.0,0.5616438356164384,0.18181818181818177,0.11764705882352933,0.0,0.7960591133004926,0.0,0.8,0.0,0.09999999999999998,m2
0.7233220666344762,0.9974827768945416,0.546875,0.0,0.0,1.0,0.3939393939393939,0.8,0.9285714285714286,0.5564601769911504,0.8727272727272728,0.0,0.5616438356164384,0.6136363636363636,0.0,1.0,0.8856065367693274,0.07407407407407407,0.6,0.0,0.0,m2
0.7233220666344762,0.0,0.546875,0.023887079261672106,0.0,1.0,0.3939393939393939,0.8,0.5119047619047619,0.5564601769911504,0.9818181818181818,0.0,0.5616438356164384,0.6136363636363636,0.0,0.0,0.7960591133004926,0.8461538461538461,0.6,0.0,0.0,m2
0.45857988165680463,0.0,0.375,0.16258183649488,0.0,0.3529411764705882,0.04040404040404033,0.16216216216216228,0.0,0.3910132158590308,0.38297872340425543,0.0,0.0,0.18181818181818177,0.7941176470588235,0.0,0.009189640768588303,0.0,0.6,1.0,0.09999999999999998,m2
0.3880597014925373,0.0,0.0,0.23519185396746578,0.6816533720087019,1.0,0.3939393939393939,0.08108108108108114,0.0,0.0,0.38297872340425543,0.2547169811320755,0.8904109589041096,0.6136363636363636,0.7647058823529411,0.0,0.11816467630421101,0.0,0.5,0.0,0.0,m2
0.3875739644970413,0.574458742864863,0.65625,0.0,0.8579485939892031,0.3529411764705882,0.0,0.08108108108108114,0.5119047619047619,0.8202805376972531,0.0,1.0,0.0,0.0,0.7647058823529411,0.76041038020519,0.4108374384236453,0.8461538461538461,1.0,1.0,1.0,m2
0.0,0.8798731380514575,0.0,0.0,0.8080075365049458,1.0,0.6363636363636364,0.0,0.9285714285714286,0.0,0.0,1.0,0.5616438356164384,0.8068181818181819,0.0,0.7827398913699457,0.15476942514213543,0.07407407407407407,0.8,0.0,1.0,m2
0.26865671641791034,0.0,0.375,0.1346431972909098,0.8432841833857062,1.0,0.04040404040404033,0.4054054054054055,0.0,0.3883185840707962,0.38297872340425543,1.0,0.8904109589041096,0.18181818181818177,0.11764705882352933,0.0,0.0,0.0,0.8,0.6666666666666667,0.09999999999999998,m2
0.7462686567164178,0.0,0.0,0.23519185396746578,0.0,1.0,0.04040404040404033,0.6216216216216217,0.0,0.0,0.38297872340425543,0.0,0.8904109589041096,0.18181818181818177,0.7941176470588235,0.0,0.11917562724014319,0.0,0.6,0.6666666666666667,0.09999999999999998,m2
0.5749162278602202,0.669104991394148,0.546875,0.9256794231835829,0.8579485939892031,0.3529411764705882,0.04040404040404033,0.575,0.0,0.5355542567699202,0.9818181818181818,1.0,0.0,0.18181818181818177,0.7647058823529411,0.8346456692913387,0.8856065367693274,0.0,0.0,1.0,0.09999999999999998,m2
0.46337308347529815,0.0,0.265625,0.16258183649488,0.680390362915523,1.0,0.6363636363636364,0.16216216216216228,0.0,0.2619469026548672,0.38297872340425543,0.16666666666666663,0.5616438356164384,0.8068181818181819,0.7941176470588235,0.0,0.04957264957264962,0.0,0.8,0.5,0.6,m2
0.27071005917159763,0.0,0.65625,0.1346431972909098,0.0,0.9411764705882353,0.3939393939393939,0.4054054054054055,0.0,0.8033628318584071,0.38297872340425543,0.0,0.3561643835616438,0.6136363636363636,0.11764705882352933,0.0,0.40980515399120054,0.0,0.4,1.0,0.0,m2
0.26873935264054516,0.0,0.375,0.0,0.6816533720087019,1.0,0.6363636363636364,0.4054054054054055,0.0,0.38831858407079634,0.0,0.2547169811320755,0.5616438356164384,0.8068181818181819,0.11764705882352933,0.0,0.0,0.07407407407407407,0.5,0.5,1.0,m2
0.3875739644970413,0.0,0.375,0.0,0.6816533720087019,0.9411764705882353,0.8585858585858586,0.08108108108108114,0.0,0.47758418167580263,0.0,0.2547169811320755,0.3561643835616438,0.9204545454545454,0.7647058823529411,0.0,0.0,0.07407407407407407,0.5,1.0,0.9090909090909091,m2
0.0,0.9481700867357732,0.0,0.10046637473744169,0.0,1.0,0.3939393939393939,0.0,0.9642857142857143,0.0,0.38297872340425543,0.0,0.8904109589041096,0.6136363636363636,0.0,0.8913043478260869,0.11816467630421101,0.0,0.6,0.6666666666666667,0.0,m2
0.0,0.0,0.65625,0.10046637473744169,0.0,0.3529411764705882,0.04040404040404033,0.0,0.0,0.8044052863436124,0.38297872340425543,0.0,0.0,0.18181818181818177,0.0,0.0,0.40980515399120054,0.0,0.4,1.0,0.09999999999999998,m2
0.773056494447127,0.0,0.0,0.0680343311701902,0.0,1.0,0.04040404040404033,0.8,0.0,0.004752851711026573,0.0,0.0,0.5616438356164384,0.18181818181818177,0.7941176470588235,0.0,0.1448275862068964,0.0,0.6,0.0,0.09999999999999998,m2
0.27071005917159763,0.0,0.65625,0.1346431972909098,0.8432841833857062,0.9411764705882353,0.04040404040404033,0.4054054054054055,0.0,0.8033628318584071,0.38297872340425543,1.0,0.3561643835616438,0.18181818181818177,0.11764705882352933,0.0,0.40980515399120054,0.0,0.0,1.0,0.09999999999999998,m2
0.6998563906175204,0.0,0.546875,0.0,0.0,0.9411764705882353,0.0,0.8,0.5119047619047619,0.5564601769911504,0.8727272727272728,0.0,0.3561643835616438,0.0,0.0,0.0,0.7960591133004926,0.8461538461538461,0.6,1.0,1.0,m2
0.0,0.0,0.8,0.5868845455516395,0.6738577484691475,1.0,0.04040404040404033,0.0,0.7462686567164178,0.26806083650190105,0.38297872340425543,0.8401253918495297,0.3561643835616438,0.18181818181818177,0.0,0.0,0.0,0.8148148148148149,0.5,1.0,0.09999999999999998,m2
0.6998563906175204,0.0,0.546875,0.023887079261672106,0.0,0.3529411764705882,0.6363636363636364,0.8,0.5119047619047619,0.5540088105726872,0.9818181818181818,0.0,0.0,0.8068181818181819,0.0,0.0,0.7944389275074479,0.8461538461538461,0.6,1.0,0.6,m2
0.746166950596252,0.0,0.265625,0.0,0.8823529411764706,0.0,0.6363636363636364,0.6216216216216217,0.0,0.38578839805062104,0.0,1.0,0.20547945205479445,0.8068181818181819,0.7941176470588235,0.0,0.16877256317689537,0.07407407407407407,1.0,1.0,1.0,m2
0.7701593433124094,0.6704819277108434,0.546875,0.09413854351687412,0.8579485939892031,1.0,0.04040404040404033,0.825,0.0,0.5564601769911504,0.9818181818181818,1.0,0.5616438356164384,0.18181818181818177,0.11764705882352933,0.8346456692913387,0.8856065367693274,0.0,0.0,0.0,0.09999999999999998,m2
0.27071005917159763,0.43537967310339953,0.0,0.1346431972909098,0.8432841833857062,0.9411764705882353,0.6363636363636364,0.4054054054054055,0.5119047619047619,0.0,0.38297872340425543,1.0,0.3561643835616438,0.8068181818181819,0.11764705882352933,0.7306763285024155,0.07149950347567025,0.8461538461538461,0.8,1.0,0.6,m2
0.0,0.5742286506032239,0.65625,0.0,0.0,1.0,0.0,0.0,0.5119047619047619,0.8033628318584071,0.0,0.0,0.5616438356164384,0.0,0.0,0.76041038020519,0.4108374384236453,0.8461538461538461,0.4,0.0,1.0,m2
0.0,0.5557018792710706,0.0,0.0,0.8553933113518606,1.0,0.8585858585858586,0.0,0.5119047619047619,0.0,0.0,1.0,0.8904109589041096,0.9204545454545454,0.0,0.76041038020519,0.07149950347567025,0.8461538461538461,0.0,0.6666666666666667,0.9090909090909091,m2
0.27071005917159763,0.0,0.375,0.1346431972909098,0.6816533720087019,0.3529411764705882,0.04040404040404033,0.4054054054054055,0.0,0.3910132158590308,0.38297872340425543,0.2547169811320755,0.0,0.18181818181818177,0.11764705882352933,0.0,0.0,0.0,0.5,1.0,0.09999999999999998,m2
0.0,0.0,0.8,0.5868845455516395,0.6738577484691475,1.0,0.3939393939393939,0.0,0.7462686567164178,0.26806083650190105,0.38297872340425543,0.8401253918495297,0.5616438356164384,0.6136363636363636,0.0,0.0,0.0,0.8148148148148149,0.5,0.5,0.0,m2
0.6998563906175204,0.7406989853438557,0.546875,0.3808179515019906,0.0,0.9411764705882353,0.3939393939393939,0.8,0.0,0.5564601769911504,0.6909090909090909,0.0,0.3561643835616438,0.6136363636363636,0.0,0.717948717948718,0.8856065367693274,0.7407407407407407,0.6,1.0,0.0,m2
0.26865671641791034,0.0,0.0,0.1346431972909098,0.0,1.0,0.3939393939393939,0.4054054054054055,0.0,0.0,0.38297872340425543,0.0,0.8904109589041096,0.6136363636363636,0.11764705882352933,0.0,0.11816467630421101,0.0,0.6,0.6666666666666667,0.0,m2
0.7701593433124094,0.0,0.546875,0.4464653641207815,0.0,1.0,0.3939393939393939,0.825,0.5119047619047619,0.5564601769911504,0.6909090909090909,0.0,0.5616438356164384,0.6136363636363636,0.11764705882352933,0.0,0.7960591133004926,0.6153846153846154,0.6,0.0,0.0,m2
0.0,0.5742286506032239,0.265625,0.0,0.8080075365049458,1.0,0.04040404040404033,0.0,0.5119047619047619,0.2619469026548672,0.0,1.0,0.5616438356164384,0.18181818181818177,0.0,0.76041038020519,0.19556650246305418,0.8461538461538461,0.0,0.0,0.7272727272727273,m2
0.0,0.0,0.375,0.42675068532165616,0.8080075365049458,0.3529411764705882,0.3939393939393939,0.0,0.0,0.3910132158590308,0.2978723404255319,1.0,0.0,0.6136363636363636,0.0,0.0,0.0,0.7407407407407407,0.8,1.0,0.0,m2
0.7272727272727273,0.0,0.546875,0.023887079261672106,0.6738577484691475,1.0,0.3939393939393939,0.8,0.5119047619047619,0.5564601769911504,0.9818181818181818,0.6258503401360545,0.8904109589041096,0.6136363636363636,0.0,0.0,0.7960591133004926,0.8461538461538461,0.5,0.0,0.0,m2
0.0,0.8808617163810732,0.0,0.10046637473744169,0.0,1.0,0.8585858585858586,0.0,0.9285714285714286,0.0,0.38297872340425543,0.0,0.8904109589041096,0.9204545454545454,0.0,0.7826086956521738,0.15476942514213543,0.0,0.6,0.6666666666666667,0.4,m2
0.27071005917159763,0.0,0.0,0.4589227133232212,0.0,0.9411764705882353,0.0,0.4054054054054055,0.0,0.0,0.2978723404255319,0.0,0.3561643835616438,0.0,0.11764705882352933,0.0,0.11816467630421101,0.7407407407407407,0.6,1.0,0.7,m2
0.0,0.5557335041639974,0.0,0.42675068532165616,0.0,0.9411764705882353,0.3939393939393939,0.0,0.5119047619047619,0.0,0.2978723404255319,0.0,0.3561643835616438,0.6136363636363636,0.0,0.76041038020519,0.01477832512315258,0.6153846153846154,0.6,1.0,0.0,m2
0.7455621301775148,0.887459807073955,0.9076923076923077,0.44914938532224025,0.0,1.0,0.0,0.6216216216216217,1.0,0.9263136288998358,0.38297872340425543,0.0,0.3561643835616438,0.0,0.7941176470588235,0.7826086956521738,0.13664874551971318,0.8148148148148149,0.4,1.0,0.7,runif
0.3888415672913117,0.5712302928929855,0.265625,0.0,0.8432841833857062,1.0,0.3939393939393939,0.08108108108108114,0.5119047619047619,0.34230618637431465,0.0,1.0,0.5616438356164384,0.6136363636363636,0.7647058823529411,0.76041038020519,0.19556650246305418,0.8461538461538461,0.0,0.0,0.0,runif
0.45857988165680463,0.5714743019740353,0.65625,0.4250881316098708,0.0,0.3529411764705882,0.3939393939393939,0.16216216216216228,0.5119047619047619,0.8044052863436124,0.2978723404255319,0.0,0.0,0.6136363636363636,0.7941176470588235,0.76041038020519,0.7862068965517242,0.6153846153846154,0.4,1.0,0.0,runif
0.3880597014925373,0.8808617163810732,0.7230769230769231,0.44914938532224025,0.8432841833857062,1.0,0.3939393939393939,0.08108108108108114,1.0,0.1269205076820309,0.38297872340425543,1.0,0.8904109589041096,0.6136363636363636,0.7647058823529411,0.7826086956521738,0.11816467630421101,0.8148148148148149,0.8,0.6666666666666667,0.0,runif
0.7455621301775148,0.8809969287252445,0.7230769230769231,0.44914938532224025,0.8823529411764706,1.0,0.6363636363636364,0.6216216216216217,1.0,0.728448275862069,0.38297872340425543,1.0,0.3561643835616438,0.8068181818181819,0.7941176470588235,0.7826086956521738,0.17148014440433212,0.8148148148148149,0.8,1.0,0.6,runif
0.46337308347529815,0.8874635763807482,0.265625,0.16258183649488,0.8555962183592558,1.0,0.0,0.16216216216216228,0.9285714285714286,0.2619469026548672,0.38297872340425543,1.0,0.5616438356164384,0.0,0.7941176470588235,0.7826086956521738,0.0,0.0,1.0,0.0,0.7,runif
0.3875739644970413,0.9493409935789118,0.65625,0.3686824785794115,0.8579485939892031,0.9411764705882353,0.0,0.08108108108108114,0.9642857142857143,0.8192051683633517,0.2978723404255319,1.0,0.3561643835616438,0.0,0.7647058823529411,0.8913699456849729,0.40980515399120054,0.7407407407407407,1.0,1.0,0.7,runif
0.7462686567164178,0.9481700867357732,0.265625,0.23519185396746578,0.8823529411764706,1.0,0.3939393939393939,0.6216216216216217,0.9642857142857143,0.3809221993344952,0.38297872340425543,1.0,0.8904109589041096,0.6136363636363636,0.7941176470588235,0.8913043478260869,0.13664874551971318,0.0,0.0,0.6666666666666667,0.0,runif
0.0,0.0,0.65625,0.42675068532165616,0.6738577484691475,1.0,0.0,0.0,0.0,0.8035398230088495,0.2978723404255319,0.8401253918495297,0.8904109589041096,0.0,0.0,0.0,0.40980515399120054,0.7407407407407407,0.8,0.0,0.7,runif
0.27071005917159763,0.9481032294457763,0.65625,0.1346431972909098,0.8579485939892031,0.9411764705882353,0.3939393939393939,0.4054054054054055,0.9642857142857143,0.8033628318584071,0.38297872340425543,1.0,0.3561643835616438,0.6136363636363636,0.11764705882352933,0.8913043478260869,0.40980515399120054,0.0,1.0,1.0,0.0,runif
0.45857988165680463,0.8799415912814303,0.375,0.4250881316098708,0.680390362915523,0.3529411764705882,0.6363636363636364,0.16216216216216228,0.9285714285714286,0.3910132158590308,0.2978723404255319,0.7857142857142857,0.0,0.8068181818181819,0.7941176470588235,0.7827398913699457,0.0,0.7407407407407407,0.5,1.0,0.6,runif
0.45857988165680463,0.5555040803962796,0.265625,0.4250881316098708,0.680390362915523,0.9411764705882353,0.6363636363636364,0.16216216216216228,0.5119047619047619,0.2619469026548672,0.2978723404255319,0.7857142857142857,0.3561643835616438,0.8068181818181819,0.7941176470588235,0.76041038020519,0.6370967741935484,0.6153846153846154,0.8,1.0,0.6,runif
0.6998563906175204,0.0,0.0,0.28020267824828093,0.6738577484691475,0.9259259259259259,0.3939393939393939,0.8,0.0,0.004715498270983942,0.0,0.8401253918495297,0.0,0.6136363636363636,0.0,0.0,0.7960591133004926,0.0,0.5,1.0,0.0,runif
0.0,0.9466842367690006,0.65625,0.42675068532165616,0.6738577484691475,0.3529411764705882,0.6363636363636364,0.0,0.9642857142857143,0.8044052863436124,0.2978723404255319,0.8401253918495297,0.0,0.8068181818181819,0.0,0.8913699456849729,0.4137713202779535,0.7407407407407407,0.8,1.0,0.6,runif
0.746166950596252,0.0,0.7230769230769231,0.44914938532224025,0.9411764705882353,0.0,0.6363636363636364,0.6216216216216217,0.7462686567164178,0.7210483543275092,0.38297872340425543,0.8401253918495297,0.20547945205479445,0.8068181818181819,0.7941176470588235,0.0,0.17148014440433212,0.8148148148148149,0.5,1.0,0.6,runif
0.3888415672913117,0.5555040803962796,0.65625,0.0,0.6816533720087019,0.0,0.6363636363636364,0.08108108108108114,0.5119047619047619,0.8202805376972531,0.0,0.2547169811320755,0.20547945205479445,0.8068181818181819,0.7647058823529411,0.76041038020519,0.41708043694141006,0.8461538461538461,0.8,1.0,1.0,runif
0.746166950596252,0.5712302928929855,0.0,0.3686824785794115,0.9411764705882353,1.0,0.8585858585858586,0.6216216216216217,0.5119047619047619,0.0,0.2978723404255319,0.8401253918495297,0.5616438356164384,0.9204545454545454,0.7941176470588235,0.76041038020519,0.03195488721804507,0.6153846153846154,0.5,0.5,0.4,runif
0.0,0.8808701170497815,0.265625,0.10046637473744169,0.0,0.0,0.3939393939393939,0.0,0.9285714285714286,0.26537444933920706,0.38297872340425543,0.0,0.20547945205479445,0.6136363636363636,0.0,0.7826086956521738,0.16561910747957254,0.0,0.4,1.0,0.0,runif
0.7455621301775148,0.9481371718882303,0.65625,0.23519185396746578,0.8823529411764706,0.3529411764705882,0.6363636363636364,0.6216216216216217,0.9642857142857143,0.7860399308284861,0.38297872340425543,1.0,0.0,0.8068181818181819,0.7941176470588235,0.8913043478260869,0.4151624548736461,0.0,1.0,1.0,0.6,runif
0.7455621301775148,0.9506966773847803,1.0,0.44914938532224025,0.8823529411764706,1.0,0.0,0.6216216216216217,1.0,0.9952791461412152,0.38297872340425543,1.0,0.3561643835616438,0.0,0.7941176470588235,0.8913043478260869,0.40949820788530455,0.8148148148148149,1.0,1.0,0.7,runif
0.3888415672913117,0.5742286506032239,0.65625,0.3686824785794115,0.0,1.0,0.0,0.08108108108108114,0.5119047619047619,0.8192051683633517,0.2978723404255319,0.0,0.5616438356164384,0.0,0.7647058823529411,0.76041038020519,0.4108374384236453,0.6153846153846154,0.4,0.0,0.7,runif
0.26873935264054516,0.9467240827075697,0.375,0.0,0.8579485939892031,1.0,0.3939393939393939,0.4054054054054055,0.9642857142857143,0.38831858407079634,0.0,1.0,0.5616438356164384,0.6136363636363636,0.11764705882352933,0.8913699456849729,0.0,0.07407407407407407,0.0,0.0,0.0,runif
0.46337308347529815,0.43576364405584556,0.375,0.16258183649488,0.0,0.0,0.3939393939393939,0.16216216216216228,0.5119047619047619,0.3910132158590308,0.38297872340425543,0.0,0.20547945205479445,0.6136363636363636,0.7941176470588235,0.7306763285024155,0.8827586206896552,0.8461538461538461,0.6,1.0,0.0,runif
0.7727272727272727,0.0,0.546875,0.4464653641207815,0.6816533720087019,1.0,0.6363636363636364,0.825,0.5119047619047619,0.5564601769911504,0.6909090909090909,0.7302158273381295,0.8904109589041096,0.8068181818181819,0.11764705882352933,0.0,0.7944389275074479,0.6153846153846154,0.5,0.0,0.6,runif
0.7599329822881762,0.0,0.546875,0.0,0.6816533720087019,0.9411764705882353,0.04040404040404033,0.825,0.5119047619047619,0.5564601769911504,0.8727272727272728,0.2547169811320755,0.3561643835616438,0.18181818181818177,0.11764705882352933,0.0,0.7960591133004926,0.8461538461538461,0.5,1.0,0.7272727272727273,runif
0.746166950596252,0.5710213099565249,0.265625,0.3686824785794115,0.9411764705882353,1.0,0.6363636363636364,0.6216216216216217,0.5119047619047619,0.3806052923466964,0.2978723404255319,0.8401253918495297,0.5616438356164384,0.8068181818181819,0.7941176470588235,0.76041038020519,0.2293233082706767,0.6153846153846154,0.8,0.5,0.6,runif
0.46337308347529815,0.0,0.65625,0.16258183649488,0.8555962183592558,0.0,0.3939393939393939,0.16216216216216228,0.0,0.8044052863436124,0.38297872340425543,1.0,0.20547945205479445,0.6136363636363636,0.7941176470588235,0.0,0.3784461152882206,0.0,1.0,1.0,0.0,runif
0.0,0.0,0.546875,0.7459789240155297,0.0,1.0,0.6363636363636364,0.0,0.5119047619047619,0.42925051497385536,0.8727272727272728,0.0,0.5616438356164384,0.8068181818181819,0.7941176470588235,0.0,0.6616541353383458,0.8461538461538461,0.6,0.0,1.0,runif
0.4626865671641791,0.5557018792710706,0.0,0.0,0.0,1.0,0.3939393939393939,0.16216216216216228,0.5119047619047619,0.0,0.0,0.0,0.8904109589041096,0.6136363636363636,0.7941176470588235,0.76041038020519,0.0,0.8461538461538461,0.6,0.6666666666666667,0.0,runif
0.3880597014925373,0.9494051642557794,0.0,0.0,0.8432841833857062,1.0,0.0,0.08108108108108114,0.9642857142857143,0.0,0.0,1.0,0.8904109589041096,0.0,0.7647058823529411,0.8913699456849729,0.11816467630421101,0.07407407407407407,0.8,0.6666666666666667,1.0,runif
0.773056494447127,0.0,0.0,0.0680343311701902,0.0,1.0,0.0,0.8,0.0,0.004752851711026573,0.0,0.0,0.5616438356164384,0.0,0.7941176470588235,0.0,0.1448275862068964,0.0,0.6,0.0,0.7,runif
0.7701593433124094,0.5826107335364424,0.546875,0.0,0.6816533720087019,0.0,0.04040404040404033,0.825,0.0,0.5540088105726872,0.8727272727272728,0.2547169811320755,0.20547945205479445,0.18181818181818177,0.11764705882352933,0.717948717948718,0.8856065367693274,0.07407407407407407,0.5,1.0,0.7272727272727273,runif
0.0,0.8808701170497815,0.9076923076923077,0.5868845455516395,0.8080075365049458,0.0,0.8585858585858586,0.0,1.0,0.24740647595095888,0.38297872340425543,1.0,0.20547945205479445,0.9204545454545454,0.0,0.7826086956521738,0.18825015792798505,0.8148148148148149,0.0,1.0,0.4,runif
0.0,0.0,0.0,0.0,0.8553933113518606,1.0,0.6363636363636364,0.0,0.0,0.0,0.0,1.0,0.5616438356164384,0.8068181818181819,0.0,0.0,0.15476942514213543,0.07407407407407407,0.0,0.0,1.0,runif
0.45857988165680463,0.9494376329921977,0.375,0.4250881316098708,0.8459896309850564,0.3529411764705882,0.0,0.16216216216216228,0.9642857142857143,0.3910132158590308,0.2978723404255319,1.0,0.0,0.0,0.7941176470588235,0.8913699456849729,0.009189640768588303,0.7407407407407407,0.8,1.0,0.7,runif
0.26865671641791034,0.9507603671199839,0.9076923076923077,0.586969558009101,0.8432841833857062,1.0,0.0,0.4054054054054055,1.0,0.2414448669201522,0.38297872340425543,1.0,0.8904109589041096,0.0,0.11764705882352933,0.8913043478260869,0.16561910747957254,0.8148148148148149,0.0,0.6666666666666667,0.7,runif
0.45857988165680463,0.0,1.0,0.5566560349169045,0.680390362915523,0.9259259259259259,0.0,0.16216216216216228,0.7462686567164178,0.8616787173844702,0.38297872340425543,0.7857142857142857,0.0,0.0,0.7941176470588235,0.0,0.3784461152882206,0.8148148148148149,0.8,1.0,0.7,runif
0.4626865671641791,0.4357238558634794,0.7230769230769231,0.5566560349169045,0.8555962183592558,1.0,0.8585858585858586,0.16216216216216228,0.0,0.0,0.38297872340425543,1.0,0.8904109589041096,0.9204545454545454,0.7941176470588235,0.7306763285024155,0.35483870967741926,0.0,0.0,0.6666666666666667,0.4,runif
0.0,0.9481032294457763,0.7230769230769231,0.5868845455516395,0.0,1.0,0.3939393939393939,0.0,1.0,0.0,0.38297872340425543,0.0,0.3561643835616438,0.6136363636363636,0.0,0.8913043478260869,0.11816467630421101,0.8148148148148149,0.6,1.0,0.0,runif
0.27071005917159763,0.9481371718882303,0.9076923076923077,0.586969558009101,0.8432841833857062,0.9259259259259259,0.6363636363636364,0.4054054054054055,1.0,0.24740647595095888,0.38297872340425543,1.0,0.0,0.8068181818181819,0.11764705882352933,0.8913043478260869,0.18825015792798505,0.8148148148148149,0.0,1.0,0.6,runif
0.0,0.0,0.265625,0.42675068532165616,0.8080075365049458,0.0,0.04040404040404033,0.0,0.0,0.26537444933920706,0.2978723404255319,1.0,0.20547945205479445,0.18181818181818177,0.0,0.0,0.16561910747957254,0.7407407407407407,0.0,1.0,0.09999999999999998,runif
0.3888415672913117,0.0,0.0,0.3686824785794115,0.0,0.0,0.0,0.08108108108108114,0.0,0.0,0.2978723404255319,0.0,0.20547945205479445,0.0,0.7647058823529411,0.0,0.11816467630421101,0.7407407407407407,0.6,1.0,0.7,runif
0.7233220666344762,0.7888698166049326,0.0,0.28020267824828093,0.8080075365049458,1.0,0.3939393939393939,0.8,0.7462686567164178,0.004752851711026573,0.0,1.0,0.5616438356164384,0.6136363636363636,0.0,0.8346456692913387,0.8856065367693274,0.8148148148148149,0.8,0.0,0.0,runif
0.3888415672913117,0.887459807073955,1.0,0.44914938532224025,0.0,0.0,0.0,0.08108108108108114,1.0,0.9163630341172574,0.38297872340425543,0.0,0.20547945205479445,0.0,0.7647058823529411,0.7826086956521738,0.40980515399120054,0.8148148148148149,0.4,1.0,0.7,runif
0.45857988165680463,0.0,0.265625,0.4250881316098708,0.680390362915523,0.3529411764705882,0.3939393939393939,0.16216216216216228,0.0,0.26537444933920706,0.2978723404255319,0.7857142857142857,0.0,0.6136363636363636,0.7941176470588235,0.0,0.0,0.7407407407407407,0.8,1.0,0.0,runif
0.7448539971278123,0.0,0.0,0.0680343311701902,0.8459896309850564,0.9259259259259259,0.8585858585858586,0.8,0.0,0.004715498270983942,0.0,1.0,0.0,0.9204545454545454,0.7941176470588235,0.0,0.0,0.0,0.8,1.0,0.4,runif
0.0,1.0,0.546875,0.6367165834719911,0.0,0.3529411764705882,0.04040404040404033,0.0,0.9285714285714286,0.4258764345228736,0.6909090909090909,0.0,0.0,0.18181818181818177,0.7941176470588235,1.0,0.8611111111111112,0.7407407407407407,0.6,1.0,0.09999999999999998,runif
0.5915016900048287,0.5826107335364424,0.546875,0.6367165834719911,0.8432841833857062,0.0,0.0,0.575,0.0,0.5355542567699202,0.6909090909090909,1.0,0.20547945205479445,0.0,0.7647058823529411,0.717948717948718,0.8856065367693274,0.7407407407407407,0.8,1.0,0.7,runif
0.746166950596252,0.5742286506032239,0.65625,0.0,0.0,1.0,0.0,0.6216216216216217,0.5119047619047619,0.7840278878149263,0.0,0.0,0.5616438356164384,0.0,0.7941176470588235,0.76041038020519,0.4517241379310345,0.8461538461538461,0.4,0.0,1.0,runif
0.26873935264054516,0.9481755684822845,0.0,0.1346431972909098,0.8432841833857062,1.0,0.3939393939393939,0.4054054054054055,0.9642857142857143,0.0,0.38297872340425543,1.0,0.5616438356164384,0.6136363636363636,0.11764705882352933,0.8913043478260869,0.11816467630421101,0.0,0.8,0.0,0.0,runif
0.7455621301775148,0.8797423304149762,0.265625,0.3686824785794115,0.0,0.9411764705882353,0.8585858585858586,0.6216216216216217,0.9285714285714286,0.3806052923466964,0.2978723404255319,0.0,0.3561643835616438,0.9204545454545454,0.7941176470588235,0.7827398913699457,0.16877256317689537,0.7407407407407407,0.4,1.0,0.4,runif
0.26873935264054516,0.9481755684822845,0.7230769230769231,0.586969558009101,0.0,1.0,0.3939393939393939,0.4054054054054055,1.0,0.0,0.38297872340425543,0.0,0.5616438356164384,0.6136363636363636,0.11764705882352933,0.8913043478260869,0.11816467630421101,0.8148148148148149,0.6,0.0,0.0,runif
0.26873935264054516,0.43576364405584556,0.265625,0.1346431972909098,0.0,0.0,0.3939393939393939,0.4054054054054055,0.5119047619047619,0.26537444933920706,0.38297872340425543,0.0,0.20547945205479445,0.6136363636363636,0.11764705882352933,0.7306763285024155,0.19556650246305418,0.8461538461538461,0.4,1.0,0.0,runif
0.7233220666344762,0.9915078146173999,0.0,0.28020267824828093,0.8553933113518606,1.0,0.8585858585858586,0.8,1.0,0.004752851711026573,0.0,1.0,0.5616438356164384,0.9204545454545454,0.0,1.0,0.885028427037271,0.8148148148148149,0.0,0.0,0.4,runif
0.3880597014925373,0.4357238558634794,0.375,0.23519185396746578,0.8579485939892031,1.0,0.3939393939393939,0.08108108108108114,0.5119047619047619,0.47758418167580274,0.38297872340425543,1.0,0.8904109589041096,0.6136363636363636,0.7647058823529411,0.7306763285024155,0.0,0.8461538461538461,0.0,0.6666666666666667,0.0,runif
0.26873935264054516,0.8808743169398907,0.7230769230769231,0.586969558009101,0.0,1.0,0.8585858585858586,0.4054054054054055,1.0,0.0,0.38297872340425543,0.0,0.5616438356164384,0.9204545454545454,0.11764705882352933,0.7826086956521738,0.15476942514213543,0.8148148148148149,0.6,0.0,0.4,runif
0.4626865671641791,0.559483574422063,0.65625,0.4250881316098708,0.0,1.0,0.0,0.16216216216216228,0.5119047619047619,0.8035398230088495,0.2978723404255319,0.0,0.8904109589041096,0.0,0.7941176470588235,0.76041038020519,0.7862068965517242,0.6153846153846154,0.4,0.6666666666666667,0.7,runif
0.0,0.9916550764951322,0.546875,0.9256794231835829,0.8823529411764706,0.9411764705882353,0.3939393939393939,0.0,0.9642857142857143,0.42925051497385536,0.9818181818181818,1.0,0.3561643835616438,0.6136363636363636,0.7941176470588235,1.0,0.8611111111111112,0.0,0.8,1.0,0.0,runif
0.7455621301775148,0.9481032294457763,0.9076923076923077,0.44914938532224025,0.0,1.0,0.8585858585858586,0.6216216216216217,1.0,0.9263136288998358,0.38297872340425543,0.0,0.3561643835616438,0.9204545454545454,0.7941176470588235,0.8913043478260869,0.16877256317689537,0.8148148148148149,0.4,1.0,0.4,runif
0.746166950596252,0.9506966773847803,0.9076923076923077,0.44914938532224025,0.8823529411764706,0.0,0.04040404040404033,0.6216216216216217,1.0,0.9274685087362861,0.38297872340425543,1.0,0.20547945205479445,0.18181818181818177,0.7941176470588235,0.8913043478260869,0.13664874551971318,0.8148148148148149,1.0,1.0,0.09999999999999998,runif
0.746166950596252,0.43576364405584556,1.0,0.44914938532224025,0.0,0.0,0.3939393939393939,0.6216216216216217,0.0,0.9957334416903698,0.38297872340425543,0.0,0.20547945205479445,0.6136363636363636,0.7941176470588235,0.7306763285024155,0.4517241379310345,0.0,0.4,1.0,0.0,runif
0.0,0.0,0.375,0.0,0.0,1.0,0.3939393939393939,0.0,0.0,0.38831858407079634,0.0,0.0,0.5616438356164384,0.6136363636363636,0.0,0.0,0.0,0.07407407407407407,0.6,0.0,0.0,runif
0.27071005917159763,0.8809969287252445,0.8,0.586969558009101,0.8579485939892031,1.0,0.6363636363636364,0.4054054054054055,1.0,0.26806083650190105,0.38297872340425543,1.0,0.3561643835616438,0.8068181818181819,0.11764705882352933,0.7826086956521738,0.0,0.8148148148148149,0.0,1.0,0.6,runif
0.27071005917159763,0.8809414749304112,0.65625,0.1346431972909098,0.8579485939892031,0.3529411764705882,0.3939393939393939,0.4054054054054055,0.9285714285714286,0.8044052863436124,0.38297872340425543,1.0,0.0,0.6136363636363636,0.11764705882352933,0.7826086956521738,0.40980515399120054,0.0,1.0,1.0,0.0,runif
0.0,0.43537967310339953,0.265625,0.10046637473744169,0.6738577484691475,0.9411764705882353,0.6363636363636364,0.0,0.5119047619047619,0.2619469026548672,0.38297872340425543,0.6258503401360545,0.3561643835616438,0.8068181818181819,0.0,0.7306763285024155,0.2313803376365443,0.8461538461538461,0.8,1.0,0.6,runif
0.0,0.43576364405584556,0.9076923076923077,0.5868845455516395,0.8553933113518606,1.0,0.3939393939393939,0.0,0.0,0.24112801013941698,0.38297872340425543,1.0,0.3561643835616438,0.6136363636363636,0.0,0.7306763285024155,0.19556650246305418,0.0,1.0,1.0,0.0,runif
0.7455621301775148,0.46038228500652756,0.375,0.23519185396746578,0.8823529411764706,0.3529411764705882,0.04040404040404033,0.6216216216216217,0.5119047619047619,0.4944191164911177,0.38297872340425543,1.0,0.0,0.18181818181818177,0.7941176470588235,0.7306763285024155,0.06896551724137912,0.8461538461538461,0.0,1.0,0.09999999999999998,runif
0.3875739644970413,0.9493409935789118,0.265625,0.3686824785794115,0.0,0.9411764705882353,0.04040404040404033,0.08108108108108114,0.9642857142857143,0.34230618637431465,0.2978723404255319,0.0,0.3561643835616438,0.18181818181818177,0.7647058823529411,0.8913699456849729,0.16561910747957254,0.7407407407407407,0.4,1.0,0.09999999999999998,runif
0.3875739644970413,0.9482047848913006,0.7230769230769231,0.44914938532224025,0.8432841833857062,0.9259259259259259,0.3939393939393939,0.08108108108108114,1.0,0.125869493209672,0.38297872340425543,1.0,0.0,0.6136363636363636,0.7647058823529411,0.8913043478260869,0.11816467630421101,0.8148148148148149,0.8,1.0,0.0,runif
0.3888415672913117,0.9481755684822845,0.8,0.44914938532224025,0.6816533720087019,1.0,0.3939393939393939,0.08108108108108114,1.0,0.4914829659318638,0.38297872340425543,0.7302158273381295,0.5616438356164384,0.6136363636363636,0.7647058823529411,0.8913043478260869,0.0,0.8148148148148149,0.5,0.5,0.0,runif
0.0,0.4357238558634794,0.265625,0.10046637473744169,0.6738577484691475,1.0,0.8585858585858586,0.0,0.5119047619047619,0.26212389380530954,0.38297872340425543,0.6258503401360545,0.8904109589041096,0.9204545454545454,0.0,0.7306763285024155,0.2313803376365443,0.8461538461538461,0.8,0.0,0.4,runif
0.46337308347529815,0.0,0.265625,0.4250881316098708,0.0,0.0,0.0,0.16216216216216228,0.0,0.26537444933920706,0.2978723404255319,0.0,0.20547945205479445,0.0,0.7941176470588235,0.0,0.0,0.7407407407407407,0.4,1.0,0.7,runif
0.0,0.8864519617451252,0.375,0.0,0.0,1.0,0.0,0.0,0.9285714285714286,0.38831858407079634,0.0,0.0,0.5616438356164384,0.0,0.0,0.7827398913699457,0.0,0.07407407407407407,0.6,0.0,1.0,runif
0.4626865671641791,0.9467183940774487,0.65625,0.0,0.0,1.0,0.3939393939393939,0.16216216216216228,0.9642857142857143,0.8035398230088495,0.0,0.0,0.8904109589041096,0.6136363636363636,0.7941176470588235,0.8913699456849729,0.3784461152882206,0.07407407407407407,0.4,0.6666666666666667,0.0,runif
0.3875739644970413,0.574458742864863,0.65625,0.0,0.8432841833857062,0.3529411764705882,0.0,0.08108108108108114,0.5119047619047619,0.8202805376972531,0.0,1.0,0.0,0.0,0.7647058823529411,0.76041038020519,0.4108374384236453,0.8461538461538461,0.0,1.0,1.0,runif
0.0,0.0,0.265625,0.0,0.8080075365049458,0.9411764705882353,0.6363636363636364,0.0,0.0,0.2619469026548672,0.0,1.0,0.3561643835616438,0.8068181818181819,0.0,0.0,0.18825015792798505,0.07407407407407407,0.0,1.0,1.0,runif
0.0,0.0,1.0,0.5868845455516395,0.8553933113518606,1.0,0.04040404040404033,0.0,0.7462686567164178,0.8602661596958174,0.38297872340425543,1.0,0.3561643835616438,0.18181818181818177,0.0,0.0,0.40980515399120054,0.8148148148148149,1.0,1.0,0.09999999999999998,runif
0.0,0.8808617163810732,0.0,0.10046637473744169,0.6738577484691475,1.0,0.8585858585858586,0.0,0.9285714285714286,0.0,0.38297872340425543,0.6258503401360545,0.8904109589041096,0.9204545454545454,0.0,0.7826086956521738,0.15476942514213543,0.0,0.5,0.0,0.4,runif
0.5749162278602202,0.9983484005563282,0.546875,0.9256794231835829,0.6816533720087019,0.9411764705882353,0.3939393939393939,0.575,0.9285714285714286,0.538175411119812,0.9818181818181818,0.2547169811320755,0.3561643835616438,0.6136363636363636,0.7647058823529411,1.0,0.8856065367693274,0.0,0.5,1.0,0.0,runif
0.3875739644970413,0.8809969287252445,0.7230769230769231,0.44914938532224025,0.8432841833857062,1.0,0.6363636363636364,0.08108108108108114,1.0,0.12692050768203078,0.38297872340425543,1.0,0.3561643835616438,0.8068181818181819,0.7647058823529411,0.7826086956521738,0.15476942514213543,0.8148148148148149,0.8,1.0,0.6,runif
0.4626865671641791,0.9507603671199839,0.375,0.16258183649488,0.8459896309850564,1.0,0.0,0.16216216216216228,0.9642857142857143,0.3883185840707962,0.38297872340425543,1.0,0.8904109589041096,0.0,0.7941176470588235,0.8913043478260869,0.009189640768588303,0.0,0.8,0.6666666666666667,0.7,runif
0.26873935264054516,0.5557335041639974,0.265625,0.0,0.6816533720087019,0.0,0.3939393939393939,0.4054054054054055,0.5119047619047619,0.26537444933920706,0.0,0.2547169811320755,0.20547945205479445,0.6136363636363636,0.11764705882352933,0.76041038020519,0.19556650246305418,0.8461538461538461,0.8,1.0,0.0,runif
0.5909090909090909,0.984823780258372,0.546875,0.6367165834719911,0.6816533720087019,1.0,0.6363636363636364,0.575,0.9642857142857143,0.538175411119812,0.6909090909090909,0.7302158273381295,0.8904109589041096,0.8068181818181819,0.7647058823529411,1.0,0.885028427037271,0.7407407407407407,0.5,0.0,0.6,runif
0.3888415672913117,0.4511193372113519,0.0,0.23519185396746578,0.8432841833857062,1.0,0.3939393939393939,0.08108108108108114,0.5119047619047619,0.0,0.38297872340425543,1.0,0.5616438356164384,0.6136363636363636,0.7647058823529411,0.7306763285024155,0.01477832512315258,0.8461538461538461,0.8,0.0,0.0,runif
0.27071005917159763,0.9467544015650009,0.375,0.0,0.0,0.3529411764705882,0.3939393939393939,0.4054054054054055,0.9642857142857143,0.3910132158590308,0.0,0.0,0.0,0.6136363636363636,0.11764705882352933,0.8913699456849729,0.0,0.07407407407407407,0.6,1.0,0.0,runif
0.7599329822881762,0.9990053350212497,0.0,0.2860390763765541,0.8432841833857062,0.9259259259259259,0.6363636363636364,0.825,1.0,0.004715498270983942,0.0,1.0,0.0,0.8068181818181819,0.11764705882352933,1.0,0.885028427037271,0.8148148148148149,0.8,1.0,0.6,runif
0.5909090909090909,0.7409495177251659,0.546875,0.6367165834719911,0.0,1.0,0.8585858585858586,0.575,0.0,0.538175411119812,0.6909090909090909,0.0,0.8904109589041096,0.9204545454545454,0.7647058823529411,0.717948717948718,0.885028427037271,0.7407407407407407,0.6,0.6666666666666667,0.4,runif
0.0,0.0,0.9076923076923077,0.5868845455516395,0.8553933113518606,1.0,0.8585858585858586,0.0,0.7462686567164178,0.24112801013941698,0.38297872340425543,1.0,0.5616438356164384,0.9204545454545454,0.0,0.0,0.18825015792798505,0.8148148148148149,1.0,0.0,0.4,runif
0.4626865671641791,0.8874522677028204,0.375,0.16258183649488,0.8459896309850564,1.0,0.04040404040404033,0.16216216216216228,0.9285714285714286,0.3883185840707962,0.38297872340425543,1.0,0.8904109589041096,0.18181818181818177,0.7941176470588235,0.7826086956521738,0.009189640768588303,0.0,0.8,0.6666666666666667,0.09999999999999998,runif
0.0,0.0,0.546875,0.9256794231835829,0.8823529411764706,0.0,0.0,0.0,0.5119047619047619,0.4258764345228736,0.9818181818181818,1.0,0.20547945205479445,0.0,0.7941176470588235,0.0,0.689655172413793,0.8461538461538461,0.8,1.0,0.7,runif
0.5915016900048287,1.0,0.546875,0.9256794231835829,0.6816533720087019,0.0,0.04040404040404033,0.575,0.9285714285714286,0.5355542567699202,0.9818181818181818,0.2547169811320755,0.20547945205479445,0.18181818181818177,0.7647058823529411,1.0,0.8856065367693274,0.0,0.5,1.0,0.09999999999999998,runif
0.3888415672913117,0.0,0.375,0.3686824785794115,0.0,0.0,0.0,0.08108108108108114,0.0,0.4801285797779077,0.2978723404255319,0.0,0.20547945205479445,0.0,0.7647058823529411,0.0,0.0,0.7407407407407407,0.6,1.0,0.7,runif
0.773056494447127,0.0,0.0,0.0680343311701902,0.8459896309850564,0.0,0.6363636363636364,0.8,0.0,0.004715498270983942,0.0,1.0,0.20547945205479445,0.8068181818181819,0.7941176470588235,0.0,0.0,0.0,0.8,1.0,0.6,runif
0.746166950596252,0.5712302928929855,0.265625,0.0,0.9411764705882353,1.0,0.8585858585858586,0.6216216216216217,0.5119047619047619,0.3806052923466964,0.0,0.6258503401360545,0.5616438356164384,0.9204545454545454,0.7941176470588235,0.76041038020519,0.2293233082706767,0.8461538461538461,0.8,0.5,0.9090909090909091,runif
0.0,0.0,0.0,0.42675068532165616,0.8553933113518606,0.3529411764705882,0.8585858585858586,0.0,0.0,0.0,0.2978723404255319,1.0,0.0,0.9204545454545454,0.0,0.0,0.15476942514213543,0.7407407407407407,0.0,1.0,0.4,runif
0.46337308347529815,0.0,0.0,0.0,0.0,0.0,0.04040404040404033,0.16216216216216228,0.0,0.0,0.0,0.0,0.20547945205479445,0.18181818181818177,0.7941176470588235,0.0,0.0843776106934001,0.07407407407407407,0.6,1.0,0.7272727272727273,runif
0.0,0.4454679439941046,0.7230769230769231,0.5868845455516395,0.8553933113518606,1.0,0.0,0.0,0.0,0.0,0.38297872340425543,1.0,0.8904109589041096,0.0,0.0,0.7306763285024155,0.01477832512315258,0.0,0.0,0.6666666666666667,0.7,runif
0.5749162278602202,0.6824554126918292,0.546875,0.9256794231835829,0.8432841833857062,0.9411764705882353,0.0,0.575,0.0,0.538175411119812,0.9818181818181818,1.0,0.3561643835616438,0.0,0.7647058823529411,0.8346456692913387,0.8856065367693274,0.0,0.8,1.0,0.7,runif
0.773056494447127,0.7888698166049326,0.0,0.0680343311701902,0.8555962183592558,1.0,0.8585858585858586,0.8,0.7462686567164178,0.004752851711026573,0.0,1.0,0.5616438356164384,0.9204545454545454,0.7941176470588235,0.8346456692913387,0.8307692307692307,0.8148148148148149,0.0,0.0,0.4,runif
0.45857988165680463,0.8797423304149762,0.375,0.0,0.8555962183592558,0.9411764705882353,0.8585858585858586,0.16216216216216228,0.9285714285714286,0.38831858407079634,0.0,1.0,0.3561643835616438,0.9204545454545454,0.7941176470588235,0.7827398913699457,0.0,0.07407407407407407,0.0,1.0,0.9090909090909091,runif
