0 7.28004 7.30878 7.35549 7.41682 7.49373 7.59314 7.70212 7.83254 7.98708 8.14744 8.3358 8.53038 8.75005 8.97588 9.2291 9.49542 9.77465 10.0995 10.3954 10.7444 11.0988 11.477 11.8711 12.2589 12.6743 13.121 13.5899 14.0424 14.5434 7.27178 
0 7.26258 7.23335 7.18687 7.12609 7.04944 6.94952 6.84057 6.71066 6.55549 6.39558 6.20674 6.01263 5.79267 5.56725 5.31373 5.04762 4.76796 4.44336 4.14766 3.7985 3.44373 3.06568 2.67176 2.28405 1.86876 1.42202 0.952707 0.501056 1.9543e-15 7.27159 
0.0529707 0.0719705 0.0985946 0.0562472 0 0.0389145 0.0732631 0.0727981 0.0564522 0.0835987 0.0714426 0.106477 0.0687862 0.0573875 0.0649619 0.068624 0.0594634 0.0903449 0.065525 0.0672163 0.0681574 0.0890642 0.110532 0.138007 0.080238 0.0513934 0.0614822 0.0798818 0.0406267 0.0529707 0.0529707 
0.0781768 0.0443038 0.0233733 0 0.0465279 0.0671792 0.102459 0.134372 0.101997 0.0581673 0.0742716 0.0710018 0.0905215 0.0582465 0.0773899 0.0990794 0.0869615 0.0831773 0.0811281 0.0920356 0.088519 0.033716 0.0546159 0.0465279 0.100895 0.0703596 0.0662227 0.0550274 0.0605625 0.0781768 0.0781768 
0.0580719 0.080775 0.0837788 0.0790635 0.0714778 0.0667411 0.075016 0.0790635 0.061236 0.0865663 0.0734873 0.0450879 0 0.0453535 0.0739129 0.0836749 0.0636171 0.0797967 0.0786852 0.0936332 0.132432 0.0866156 0.0785773 0.0714778 0.0774672 0.0746008 0.0677751 0.0751218 0.07 0.0580719 0.0580719 
0.0494857 0.0812404 0.0798695 0.0689526 0.0661566 0.0644782 0.0871688 0.0689526 0 0.0662224 0.0589903 0.0834281 0.0759486 0.0761964 0.0674308 0.0829751 0.0664299 0.0800685 0.0699463 0.0686649 0.0759486 0.0691101 0.0686391 0.0661566 0.0776174 0.0956562 0.12905 0.0931809 0.0617277 0.0494857 0.0494857 
0.0345615 0.0730158 0.0915152 0.0811156 0.0593085 0.0422201 0.0694562 0.0811156 0.0755884 0 0.0276117 0.0519595 0.0490134 0.0600571 0.0548984 0.0515136 0.057388 0.0797379 0.0600675 0.0720776 0.0490134 0.0795589 0.0602976 0.0593085 0.0447786 0.0554243 0.0755884 0.123599 0.0593421 0.0345615 0.0345615 
0.0462839 0.0536865 0.0653838 0.0656346 0.0443617 0.0481064 0.0778514 0.0656346 0.0561744 0.0633706 0.0237743 0 0.0581573 0.118104 0.0675968 0.0658521 0.059505 0.0714736 0.0460622 0.0473678 0.0581573 0.0336141 0.0559163 0.0443617 0.0509696 0.0621267 0.0561744 0.0633706 0.0662657 0.0462839 0.0462839 
0.0540267 0.0883441 0.0621453 0.0684166 0.0874892 0.0722089 0.0666328 0.0684166 0.0463496 0.0834622 0.0699316 0.0844828 0.0363451 0.0844828 0.0833467 0.0593274 0.0826967 0.0311143 0 0.0542629 0.0363451 0.0866736 0.0454972 0.0874892 0.111185 0.0816137 0.0463496 0.0834622 0.0586822 0.0540267 0.0540267 
0.04653 0.0090518 0.0247908 0.0514994 0.0500417 0.0383011 0.0642653 0.0514994 0.0393958 0.0613324 0.0561398 0.0633866 0.0518122 0.0633866 0.00922028 0 0.0065425 0.0558975 0.0640891 0.0409537 0.0518122 0.0716929 0.107995 0.0500417 0.0640891 0.0230694 0.0393958 0.0613324 0.0396725 0.04653 0.04653 
0.0584298 0.0558395 0.0474345 0.0563015 0.0521341 0 0.0405894 0.0563015 0.0613393 0.0608366 0.103745 0.0610099 0.0603004 0.0610099 0.053215 0.0615001 0.0576593 0.0549324 0.0528944 0.0664429 0.0603004 0.0558024 0.0615001 0.0521341 0.0528944 0.0645076 0.0613393 0.0608366 0.0607687 0.0584298 0.0584298 
0.040272 0.0343013 0.0156044 0.0255454 0.0470301 0.033836 0 0.0255454 0.0263921 0.0768132 0.033836 0.078551 0.0250131 0.078551 0.0342537 0.0395859 0.0411091 0.0972398 0.0771863 0.023334 0.0250131 0.0509897 0.0395859 0.0470301 0.0771863 0.030304 0.0263921 0.0768132 0.0463186 0.040272 0.040272 
0.0436145 0.0612748 0.0455359 0.0463152 0.0473502 0.0424336 0.0481853 0.0463152 0.0544614 0.0513267 0.0424336 0.0342915 0.0501188 0.0342915 0 0.0380814 0.0449624 0.0481853 0.042391 0.0470297 0.0501188 0.046613 0.0380814 0.0473502 0.042391 0.0909677 0.0544614 0.0513267 0.0381329 0.0436145 0.0436145 
0.0465586 0.00285182 0.0226655 0.0369904 0.0168474 0.0266702 0.0592013 0.0369904 0.0631471 0.0134328 0.0266702 0.040355 0.038227 0.040355 0.0496442 0.0621515 0.0236727 0.0592013 0.0563838 0 0.038227 0.0860776 0.0621515 0.0168474 0.0563838 0.0496442 0.0631471 0.0134328 0.0421904 0.0465586 0.0465586 
0.0370736 0.0371393 0.0377451 0.0392802 0.031112 0 0.0388783 0.0392802 0.048178 0.0367158 0 0.0349567 0.0437346 0.0349567 0.0220244 0.0280121 0.0721494 0.0388783 0.034363 0.031778 0.0437346 0.031778 0.0280121 0.031112 0.034363 0.0220244 0.048178 0.0367158 0.035839 0.0370736 0.0370736 
0.0371438 0.0151652 0.0248804 0.0236692 0.0304616 0.0386718 0.0335522 0.0236692 0.0696903 0.0484046 0.0386718 0.048551 0 0.048551 0.0345958 0.0453633 0.0386718 0.0335522 0.0261688 0.0434457 3.11149e-17 0.0434457 0.0453633 0.0304616 0.0261688 0.0345958 0.0696903 0.0484046 0.0302064 0.0371438 0.0371438 
0.0293126 0.042639 0.0172727 0.0287668 2.79877e-17 0.0323666 0.0313506 0.0287668 0.0344596 0.0619816 0.0323666 0.0150868 0.0344596 0.0150868 0.0299259 0.0236885 0.0323666 0.0313506 0.0394261 0.0355801 0.0344596 0.0355801 0.0236885 0 0.0394261 0.0299259 0.0344596 0.0619816 0.0311124 0.0293126 0.0293126 
0.0400229 0.033314 0.023094 0.0321846 0.0327445 0.0296771 0 0.0321846 0.033894 0.0327445 0.0296771 0.0279912 0.033894 0.0279912 0.0312865 0.0563923 0.0296771 1.92261e-17 0.0262895 0.0258054 0.033894 0.0258054 0.0563923 0.0327445 0.0262895 0.0312865 0.033894 0.0327445 0.0428499 0.0400229 0.0400229 
0.0250656 0.0191376 0 0.0101339 0.0213709 0.0173993 0.0205892 0.0101339 0.0214702 0.0213709 0.0173993 0.0448271 0.0214702 0.0448271 0.0232651 0.0205892 0.0173993 0.0205892 0.035192 0.0178965 0.0214702 0.0178965 0.0205892 0.0213709 0.035192 0.0232651 0.0214702 0.0213709 0.0236534 0.0250656 0.0250656 
0.025929 0 0.0227858 0.0169545 0.0226527 0.024946 0.029551 0.0169545 0.0214602 0.0226527 0.024946 0.0227858 0.0214602 0.0227858 0.0289353 0.029551 0.024946 0.029551 0.0454133 0.0199757 0.0214602 0.0199757 0.029551 0.0226527 0.0454133 0.0289353 0.0214602 0.0226527 0.0292861 0.025929 0.025929 
0.0196763 0.0209238 0.0111782 0.0151488 0.0122978 0.0117668 0.0233463 0.0151488 0.0133822 0.0122978 0.0117668 0.0111782 0.0133822 0.0111782 0.012611 0.0233463 0.0117668 0.0233463 0.0209238 2.02511e-17 0.0133822 0 0.0233463 0.0122978 0.0209238 0.012611 0.0133822 0.0122978 0.0321227 0.0196763 0.0196763 
0.00180592 0.018442 0.0140641 3.05698e-17 0.00801956 0.0148041 0.0135646 0 0.00708487 0.00801956 0.0148041 0.0140641 0.00708487 0.0140641 0.0283732 0.0135646 0.0148041 0.0135646 0.018442 0.0174943 0.00708487 0.0174943 0.0135646 0.00801956 0.018442 0.0283732 0.00708487 0.00801956 0.0174943 0.00180592 0.00180592 
0.0278025 0.0154198 0.0170222 0.0193009 0.00909025 0.0191256 0.0132372 0.0193009 1.75485e-17 0.00909025 0.0191256 0.0170222 3.89966e-18 0.0170222 0.0193009 0.0132372 0.0191256 0.0132372 0.0154198 0.0150515 7.9943e-17 0.0150515 0.0132372 0.00909025 0.0154198 0.0193009 0 0.00909025 0.0150515 0.0278025 0.0278025 
0.0100603 0.0196631 3.17048e-17 0.0124127 0.0132458 0.00528608 0.0077212 0.0124127 0.0100603 0.0132458 0.00528608 4.27326e-17 0.0100603 0 0.0124127 0.0077212 0.00528608 0.0077212 0.0196631 0.00959092 0.0100603 0.00959092 0.0077212 0.0132458 0.0196631 0.0124127 0.0100603 0.0132458 0.00959092 0.0100603 0.0100603 
0 0.00838926 0.00838926 0.00257538 0.0175224 0.00904775 0.00990343 0.00257538 3.11697e-13 0.0175224 0.00904775 0.00838926 3.11511e-13 0.00838926 0.00257538 0.00990343 0.00904775 0.00990343 0.00838926 0.0046828 3.11465e-13 0.0046828 0.00990343 0.0175224 0.00838926 0.00257538 3.115e-13 0.0175224 0.0046828 9.21906e-13 3.115e-13 
0.00528535 0.00562061 0.00562061 0.00940055 0.00528535 0 0.00258047 0.00940055 0.00528535 0.00528535 5.55044e-17 0.00562061 0.00528535 0.00562061 0.00940055 0.00258047 8.65004e-18 0.00258047 0.00562061 0.00138242 0.00528535 0.00138242 0.00258047 0.00528535 0.00562061 0.00940055 0.00528535 0.00528535 0.00138242 0.00528535 0.00528535 
0.00654549 0.00466333 0.00466333 0.000972659 0.00654549 0.000972659 7.2468e-17 0.000972659 0.00654549 0.00654549 0.000972659 0.00466333 0.00654549 0.00466333 0.000972659 2.56744e-16 0.000972659 0 0.00466333 0.00506688 0.00654549 0.00506688 5.90096e-17 0.00654549 0.00466333 0.000972659 0.00654549 0.00654549 0.00506688 0.00654549 0.00654549 
0.00398207 1.13077e-15 6.32179e-16 0.0024401 0.00398207 0.0024401 0.00398207 0.0024401 0.00398207 0.00398207 0.0024401 0 0.00398207 6.99821e-16 0.0024401 0.00398207 0.0024401 0.00398207 7.13009e-16 0.00300046 0.00398207 0.00300046 0.00398207 0.00398207 9.96766e-16 0.0024401 0.00398207 0.00398207 0.00300046 0.00398207 0.00398207 
0.00185813 0.00185813 0.00185813 0 0.00185813 1.61207e-15 0.00185813 8.60638e-16 0.00185813 0.00185813 1.79611e-15 0.00185813 0.00185813 0.00185813 1.61235e-15 0.00185813 1.86652e-15 0.00185813 0.00185813 0.00305591 0.00185813 0.00305591 0.00185813 0.00185813 0.00185813 8.93068e-16 0.00185813 0.00185813 0.00305591 0.00185813 0.00185813 
0.00116822 0.00116822 0.00116822 2.13804e-16 0.00116822 1.74143e-15 0.00116822 0 0.00116822 0.00116822 4.00699e-15 0.00116822 0.00116822 0.00116822 1.73581e-15 0.00116822 1.54829e-15 0.00116822 0.00116822 5.50506e-16 0.00116822 2.15254e-16 0.00116822 0.00116822 0.00116822 9.82464e-17 0.00116822 0.00116822 4.90235e-16 0.00116822 0.00116822 

